app,arm,mull_commit,slice_index,slice_count,mutator,file,line,column,region,exit_code,test1_demo,test2_golden,test2_written,test3_perf,killed_by,timed_out,wall_seconds,mutant_key
interpolate,cxx_default_on_emitted_cpp,5eb72c8d,1,6,cxx_gt_to_le,interpolate.halide_generated.cpp,3660,12,generator_specific,-6,1,1,,,test1_demo;test2_golden,0,0.354,cxx_gt_to_le:/mnt/scratch1/ardi/dsl_mut/HM-armc/mutation/lowered-cpp/interpolate/interpolate.halide_generated.cpp:3660:12
interpolate,cxx_default_on_emitted_cpp,5eb72c8d,1,6,cxx_sub_to_add,interpolate.halide_generated.cpp,7295,37,generator_specific,-11,1,1,,,test1_demo;test2_golden,0,0.437,cxx_sub_to_add:/mnt/scratch1/ardi/dsl_mut/HM-armc/mutation/lowered-cpp/interpolate/interpolate.halide_generated.cpp:7295:37
interpolate,cxx_default_on_emitted_cpp,5eb72c8d,1,6,cxx_lt_to_le,interpolate.halide_generated.cpp,7206,86,generator_specific,-6,1,1,,,test1_demo;test2_golden,0,0.493,cxx_lt_to_le:/mnt/scratch1/ardi/dsl_mut/HM-armc/mutation/lowered-cpp/interpolate/interpolate.halide_generated.cpp:7206:86
interpolate,cxx_default_on_emitted_cpp,5eb72c8d,1,6,cxx_sub_to_add,interpolate.halide_generated.cpp,6997,35,generator_specific,-11,1,1,,,test1_demo;test2_golden,0,0.477,cxx_sub_to_add:/mnt/scratch1/ardi/dsl_mut/HM-armc/mutation/lowered-cpp/interpolate/interpolate.halide_generated.cpp:6997:35
interpolate,cxx_default_on_emitted_cpp,5eb72c8d,1,6,cxx_add_to_sub,interpolate.halide_generated.cpp,7118,37,generator_specific,-6,1,1,,,test1_demo;test2_golden,0,0.500,cxx_add_to_sub:/mnt/scratch1/ardi/dsl_mut/HM-armc/mutation/lowered-cpp/interpolate/interpolate.halide_generated.cpp:7118:37
interpolate,cxx_default_on_emitted_cpp,5eb72c8d,1,6,cxx_ne_to_eq,interpolate.halide_generated.cpp,6364,33,generator_specific,-6,1,1,,,test1_demo;test2_golden,0,0.506,cxx_ne_to_eq:/mnt/scratch1/ardi/dsl_mut/HM-armc/mutation/lowered-cpp/interpolate/interpolate.halide_generated.cpp:6364:33
interpolate,cxx_default_on_emitted_cpp,5eb72c8d,1,6,cxx_add_to_sub,interpolate.halide_generated.cpp,6888,38,generator_specific,0,0,1,,,test2_golden,0,2.928,cxx_add_to_sub:/mnt/scratch1/ardi/dsl_mut/HM-armc/mutation/lowered-cpp/interpolate/interpolate.halide_generated.cpp:6888:38
interpolate,cxx_default_on_emitted_cpp,5eb72c8d,1,6,cxx_add_to_sub,interpolate.halide_generated.cpp,11918,32,generator_specific,0,0,0,,,,0,3.061,cxx_add_to_sub:/mnt/scratch1/ardi/dsl_mut/HM-armc/mutation/lowered-cpp/interpolate/interpolate.halide_generated.cpp:11918:32
interpolate,cxx_default_on_emitted_cpp,5eb72c8d,1,6,cxx_mul_to_div,interpolate.halide_generated.cpp,4364,26,generator_specific,0,0,0,,,,0,3.025,cxx_mul_to_div:/mnt/scratch1/ardi/dsl_mut/HM-armc/mutation/lowered-cpp/interpolate/interpolate.halide_generated.cpp:4364:26
interpolate,cxx_default_on_emitted_cpp,5eb72c8d,1,6,cxx_gt_to_ge,interpolate.halide_generated.cpp,6284,30,generator_specific,0,0,0,,,,0,3.052,cxx_gt_to_ge:/mnt/scratch1/ardi/dsl_mut/HM-armc/mutation/lowered-cpp/interpolate/interpolate.halide_generated.cpp:6284:30
interpolate,cxx_default_on_emitted_cpp,5eb72c8d,1,6,cxx_add_to_sub,interpolate.halide_generated.cpp,7211,37,generator_specific,0,0,1,,,test2_golden,0,3.037,cxx_add_to_sub:/mnt/scratch1/ardi/dsl_mut/HM-armc/mutation/lowered-cpp/interpolate/interpolate.halide_generated.cpp:7211:37
interpolate,cxx_default_on_emitted_cpp,5eb72c8d,1,6,cxx_sub_to_add,interpolate.halide_generated.cpp,9469,36,generator_specific,0,0,0,,,,0,3.070,cxx_sub_to_add:/mnt/scratch1/ardi/dsl_mut/HM-armc/mutation/lowered-cpp/interpolate/interpolate.halide_generated.cpp:9469:36
interpolate,cxx_default_on_emitted_cpp,5eb72c8d,1,6,cxx_gt_to_le,interpolate.halide_generated.cpp,9069,80,generator_specific,0,0,1,,,test2_golden,0,3.069,cxx_gt_to_le:/mnt/scratch1/ardi/dsl_mut/HM-armc/mutation/lowered-cpp/interpolate/interpolate.halide_generated.cpp:9069:80
interpolate,cxx_default_on_emitted_cpp,5eb72c8d,1,6,cxx_add_to_sub,interpolate.halide_generated.cpp,8167,36,generator_specific,0,0,0,,,,0,3.058,cxx_add_to_sub:/mnt/scratch1/ardi/dsl_mut/HM-armc/mutation/lowered-cpp/interpolate/interpolate.halide_generated.cpp:8167:36
interpolate,cxx_default_on_emitted_cpp,5eb72c8d,1,6,cxx_add_to_sub,interpolate.halide_generated.cpp,5489,27,generator_specific,0,0,1,,,test2_golden,0,3.106,cxx_add_to_sub:/mnt/scratch1/ardi/dsl_mut/HM-armc/mutation/lowered-cpp/interpolate/interpolate.halide_generated.cpp:5489:27
interpolate,cxx_default_on_emitted_cpp,5eb72c8d,1,6,cxx_add_to_sub,interpolate.halide_generated.cpp,6726,37,generator_specific,0,0,0,,,,0,3.087,cxx_add_to_sub:/mnt/scratch1/ardi/dsl_mut/HM-armc/mutation/lowered-cpp/interpolate/interpolate.halide_generated.cpp:6726:37
interpolate,cxx_default_on_emitted_cpp,5eb72c8d,1,6,cxx_add_to_sub,interpolate.halide_generated.cpp,9276,38,generator_specific,0,0,0,,,,0,3.107,cxx_add_to_sub:/mnt/scratch1/ardi/dsl_mut/HM-armc/mutation/lowered-cpp/interpolate/interpolate.halide_generated.cpp:9276:38
interpolate,cxx_default_on_emitted_cpp,5eb72c8d,1,6,cxx_mul_to_div,interpolate.halide_generated.cpp,9541,37,generator_specific,0,0,0,,,,0,3.111,cxx_mul_to_div:/mnt/scratch1/ardi/dsl_mut/HM-armc/mutation/lowered-cpp/interpolate/interpolate.halide_generated.cpp:9541:37
interpolate,cxx_default_on_emitted_cpp,5eb72c8d,1,6,cxx_add_to_sub,interpolate.halide_generated.cpp,7131,38,generator_specific,0,0,0,,,,0,3.127,cxx_add_to_sub:/mnt/scratch1/ardi/dsl_mut/HM-armc/mutation/lowered-cpp/interpolate/interpolate.halide_generated.cpp:7131:38
interpolate,cxx_default_on_emitted_cpp,5eb72c8d,1,6,cxx_sub_to_add,interpolate.halide_generated.cpp,9264,37,generator_specific,0,0,0,,,,0,3.124,cxx_sub_to_add:/mnt/scratch1/ardi/dsl_mut/HM-armc/mutation/lowered-cpp/interpolate/interpolate.halide_generated.cpp:9264:37
interpolate,cxx_default_on_emitted_cpp,5eb72c8d,1,6,cxx_gt_to_ge,interpolate.halide_generated.cpp,10886,22,generator_specific,0,0,0,,,,0,3.137,cxx_gt_to_ge:/mnt/scratch1/ardi/dsl_mut/HM-armc/mutation/lowered-cpp/interpolate/interpolate.halide_generated.cpp:10886:22
interpolate,cxx_default_on_emitted_cpp,5eb72c8d,1,6,cxx_add_to_sub,interpolate.halide_generated.cpp,5178,26,generator_specific,0,0,0,,,,0,3.139,cxx_add_to_sub:/mnt/scratch1/ardi/dsl_mut/HM-armc/mutation/lowered-cpp/interpolate/interpolate.halide_generated.cpp:5178:26
interpolate,cxx_default_on_emitted_cpp,5eb72c8d,1,6,cxx_add_to_sub,interpolate.halide_generated.cpp,10583,24,generator_specific,0,0,0,,,,0,3.150,cxx_add_to_sub:/mnt/scratch1/ardi/dsl_mut/HM-armc/mutation/lowered-cpp/interpolate/interpolate.halide_generated.cpp:10583:24
interpolate,cxx_default_on_emitted_cpp,5eb72c8d,1,6,cxx_add_to_sub,interpolate.halide_generated.cpp,8395,35,generator_specific,0,0,1,,,test2_golden,0,3.137,cxx_add_to_sub:/mnt/scratch1/ardi/dsl_mut/HM-armc/mutation/lowered-cpp/interpolate/interpolate.halide_generated.cpp:8395:35
interpolate,cxx_default_on_emitted_cpp,5eb72c8d,1,6,cxx_gt_to_ge,interpolate.halide_generated.cpp,6402,23,generator_specific,0,0,0,,,,0,3.121,cxx_gt_to_ge:/mnt/scratch1/ardi/dsl_mut/HM-armc/mutation/lowered-cpp/interpolate/interpolate.halide_generated.cpp:6402:23
interpolate,cxx_default_on_emitted_cpp,5eb72c8d,1,6,cxx_remove_void_call,interpolate.halide_generated.cpp,5246,2,generator_specific,0,0,0,,,,0,3.176,cxx_remove_void_call:/mnt/scratch1/ardi/dsl_mut/HM-armc/mutation/lowered-cpp/interpolate/interpolate.halide_generated.cpp:5246:2
interpolate,cxx_default_on_emitted_cpp,5eb72c8d,1,6,cxx_add_to_sub,interpolate.halide_generated.cpp,3883,25,generator_specific,0,0,0,,,,0,3.157,cxx_add_to_sub:/mnt/scratch1/ardi/dsl_mut/HM-armc/mutation/lowered-cpp/interpolate/interpolate.halide_generated.cpp:3883:25
interpolate,cxx_default_on_emitted_cpp,5eb72c8d,1,6,cxx_sub_to_add,interpolate.halide_generated.cpp,6830,35,generator_specific,0,0,1,,,test2_golden,0,3.148,cxx_sub_to_add:/mnt/scratch1/ardi/dsl_mut/HM-armc/mutation/lowered-cpp/interpolate/interpolate.halide_generated.cpp:6830:35
interpolate,cxx_default_on_emitted_cpp,5eb72c8d,1,6,cxx_add_to_sub,interpolate.halide_generated.cpp,8726,35,generator_specific,0,0,0,,,,0,3.172,cxx_add_to_sub:/mnt/scratch1/ardi/dsl_mut/HM-armc/mutation/lowered-cpp/interpolate/interpolate.halide_generated.cpp:8726:35
interpolate,cxx_default_on_emitted_cpp,5eb72c8d,1,6,cxx_mul_to_div,interpolate.halide_generated.cpp,7477,37,generator_specific,0,0,1,,,test2_golden,0,3.202,cxx_mul_to_div:/mnt/scratch1/ardi/dsl_mut/HM-armc/mutation/lowered-cpp/interpolate/interpolate.halide_generated.cpp:7477:37
interpolate,cxx_default_on_emitted_cpp,5eb72c8d,1,6,cxx_mul_to_div,interpolate.halide_generated.cpp,3877,26,generator_specific,0,0,1,,,test2_golden,0,3.181,cxx_mul_to_div:/mnt/scratch1/ardi/dsl_mut/HM-armc/mutation/lowered-cpp/interpolate/interpolate.halide_generated.cpp:3877:26
interpolate,cxx_default_on_emitted_cpp,5eb72c8d,1,6,cxx_add_to_sub,interpolate.halide_generated.cpp,6879,38,generator_specific,0,0,1,,,test2_golden,0,3.182,cxx_add_to_sub:/mnt/scratch1/ardi/dsl_mut/HM-armc/mutation/lowered-cpp/interpolate/interpolate.halide_generated.cpp:6879:38
interpolate,cxx_default_on_emitted_cpp,5eb72c8d,1,6,cxx_sub_to_add,interpolate.halide_generated.cpp,3948,25,generator_specific,0,0,0,,,,0,3.174,cxx_sub_to_add:/mnt/scratch1/ardi/dsl_mut/HM-armc/mutation/lowered-cpp/interpolate/interpolate.halide_generated.cpp:3948:25
interpolate,cxx_default_on_emitted_cpp,5eb72c8d,1,6,cxx_add_to_sub,interpolate.halide_generated.cpp,3734,24,generator_specific,0,0,1,,,test2_golden,0,3.171,cxx_add_to_sub:/mnt/scratch1/ardi/dsl_mut/HM-armc/mutation/lowered-cpp/interpolate/interpolate.halide_generated.cpp:3734:24
interpolate,cxx_default_on_emitted_cpp,5eb72c8d,1,6,cxx_add_to_sub,interpolate.halide_generated.cpp,6911,37,generator_specific,0,0,1,,,test2_golden,0,3.187,cxx_add_to_sub:/mnt/scratch1/ardi/dsl_mut/HM-armc/mutation/lowered-cpp/interpolate/interpolate.halide_generated.cpp:6911:37
interpolate,cxx_default_on_emitted_cpp,5eb72c8d,1,6,cxx_add_to_sub,interpolate.halide_generated.cpp,9604,37,generator_specific,0,0,0,,,,0,3.216,cxx_add_to_sub:/mnt/scratch1/ardi/dsl_mut/HM-armc/mutation/lowered-cpp/interpolate/interpolate.halide_generated.cpp:9604:37
interpolate,cxx_default_on_emitted_cpp,5eb72c8d,1,6,cxx_mul_to_div,interpolate.halide_generated.cpp,7107,37,generator_specific,0,0,0,,,,0,3.215,cxx_mul_to_div:/mnt/scratch1/ardi/dsl_mut/HM-armc/mutation/lowered-cpp/interpolate/interpolate.halide_generated.cpp:7107:37
interpolate,cxx_default_on_emitted_cpp,5eb72c8d,1,6,cxx_mul_to_div,interpolate.halide_generated.cpp,3920,25,generator_specific,0,0,0,,,,0,3.182,cxx_mul_to_div:/mnt/scratch1/ardi/dsl_mut/HM-armc/mutation/lowered-cpp/interpolate/interpolate.halide_generated.cpp:3920:25
interpolate,cxx_default_on_emitted_cpp,5eb72c8d,1,6,cxx_mul_to_div,interpolate.halide_generated.cpp,7659,37,generator_specific,0,0,0,,,,0,3.229,cxx_mul_to_div:/mnt/scratch1/ardi/dsl_mut/HM-armc/mutation/lowered-cpp/interpolate/interpolate.halide_generated.cpp:7659:37
interpolate,cxx_default_on_emitted_cpp,5eb72c8d,1,6,cxx_add_to_sub,interpolate.halide_generated.cpp,8120,35,generator_specific,0,0,0,,,,0,3.190,cxx_add_to_sub:/mnt/scratch1/ardi/dsl_mut/HM-armc/mutation/lowered-cpp/interpolate/interpolate.halide_generated.cpp:8120:35
interpolate,cxx_default_on_emitted_cpp,5eb72c8d,1,6,cxx_mul_to_div,interpolate.halide_generated.cpp,4566,24,generator_specific,0,0,1,,,test2_golden,0,3.235,cxx_mul_to_div:/mnt/scratch1/ardi/dsl_mut/HM-armc/mutation/lowered-cpp/interpolate/interpolate.halide_generated.cpp:4566:24
interpolate,cxx_default_on_emitted_cpp,5eb72c8d,1,6,cxx_mul_to_div,interpolate.halide_generated.cpp,3716,22,generator_specific,0,0,1,,,test2_golden,0,3.236,cxx_mul_to_div:/mnt/scratch1/ardi/dsl_mut/HM-armc/mutation/lowered-cpp/interpolate/interpolate.halide_generated.cpp:3716:22
interpolate,cxx_default_on_emitted_cpp,5eb72c8d,1,6,cxx_add_to_sub,interpolate.halide_generated.cpp,9561,35,generator_specific,0,0,0,,,,0,3.202,cxx_add_to_sub:/mnt/scratch1/ardi/dsl_mut/HM-armc/mutation/lowered-cpp/interpolate/interpolate.halide_generated.cpp:9561:35
interpolate,cxx_default_on_emitted_cpp,5eb72c8d,1,6,cxx_mul_to_div,interpolate.halide_generated.cpp,5688,26,generator_specific,0,0,1,,,test2_golden,0,3.284,cxx_mul_to_div:/mnt/scratch1/ardi/dsl_mut/HM-armc/mutation/lowered-cpp/interpolate/interpolate.halide_generated.cpp:5688:26
interpolate,cxx_default_on_emitted_cpp,5eb72c8d,1,6,cxx_gt_to_ge,interpolate.halide_generated.cpp,6330,32,generator_specific,0,0,0,,,,0,3.356,cxx_gt_to_ge:/mnt/scratch1/ardi/dsl_mut/HM-armc/mutation/lowered-cpp/interpolate/interpolate.halide_generated.cpp:6330:32
interpolate,cxx_default_on_emitted_cpp,5eb72c8d,1,6,cxx_add_to_sub,interpolate.halide_generated.cpp,4908,26,generator_specific,0,0,1,,,test2_golden,0,3.419,cxx_add_to_sub:/mnt/scratch1/ardi/dsl_mut/HM-armc/mutation/lowered-cpp/interpolate/interpolate.halide_generated.cpp:4908:26
interpolate,cxx_default_on_emitted_cpp,5eb72c8d,1,6,cxx_add_to_sub,interpolate.halide_generated.cpp,6634,35,generator_specific,-6,1,1,,,test1_demo;test2_golden,0,0.374,cxx_add_to_sub:/mnt/scratch1/ardi/dsl_mut/HM-armc/mutation/lowered-cpp/interpolate/interpolate.halide_generated.cpp:6634:35
interpolate,cxx_default_on_emitted_cpp,5eb72c8d,1,6,cxx_mul_to_div,interpolate.halide_generated.cpp,6337,79,generator_specific,-11,1,1,,,test1_demo;test2_golden,0,0.393,cxx_mul_to_div:/mnt/scratch1/ardi/dsl_mut/HM-armc/mutation/lowered-cpp/interpolate/interpolate.halide_generated.cpp:6337:79
interpolate,cxx_default_on_emitted_cpp,5eb72c8d,1,6,cxx_add_to_sub,interpolate.halide_generated.cpp,4714,25,generator_specific,-6,1,1,,,test1_demo;test2_golden,0,0.436,cxx_add_to_sub:/mnt/scratch1/ardi/dsl_mut/HM-armc/mutation/lowered-cpp/interpolate/interpolate.halide_generated.cpp:4714:25
interpolate,cxx_default_on_emitted_cpp,5eb72c8d,1,6,cxx_sub_to_add,interpolate.halide_generated.cpp,7754,37,generator_specific,-11,1,1,,,test1_demo;test2_golden,0,0.387,cxx_sub_to_add:/mnt/scratch1/ardi/dsl_mut/HM-armc/mutation/lowered-cpp/interpolate/interpolate.halide_generated.cpp:7754:37
interpolate,cxx_default_on_emitted_cpp,5eb72c8d,1,6,cxx_add_to_sub,interpolate.halide_generated.cpp,4876,26,generator_specific,-6,1,1,,,test1_demo;test2_golden,0,0.427,cxx_add_to_sub:/mnt/scratch1/ardi/dsl_mut/HM-armc/mutation/lowered-cpp/interpolate/interpolate.halide_generated.cpp:4876:26
interpolate,cxx_default_on_emitted_cpp,5eb72c8d,1,6,cxx_add_to_sub,interpolate.halide_generated.cpp,10603,25,generator_specific,0,0,0,,,,0,3.556,cxx_add_to_sub:/mnt/scratch1/ardi/dsl_mut/HM-armc/mutation/lowered-cpp/interpolate/interpolate.halide_generated.cpp:10603:25
interpolate,cxx_default_on_emitted_cpp,5eb72c8d,1,6,cxx_sub_to_add,interpolate.halide_generated.cpp,9927,37,generator_specific,0,0,1,,,test2_golden,0,3.632,cxx_sub_to_add:/mnt/scratch1/ardi/dsl_mut/HM-armc/mutation/lowered-cpp/interpolate/interpolate.halide_generated.cpp:9927:37
interpolate,cxx_default_on_emitted_cpp,5eb72c8d,1,6,cxx_ne_to_eq,interpolate.halide_generated.cpp,3667,45,generator_specific,-6,1,1,,,test1_demo;test2_golden,0,0.355,cxx_ne_to_eq:/mnt/scratch1/ardi/dsl_mut/HM-armc/mutation/lowered-cpp/interpolate/interpolate.halide_generated.cpp:3667:45
interpolate,cxx_default_on_emitted_cpp,5eb72c8d,1,6,cxx_sub_to_add,interpolate.halide_generated.cpp,11939,33,generator_specific,-6,1,1,,,test1_demo;test2_golden,0,0.449,cxx_sub_to_add:/mnt/scratch1/ardi/dsl_mut/HM-armc/mutation/lowered-cpp/interpolate/interpolate.halide_generated.cpp:11939:33
interpolate,cxx_default_on_emitted_cpp,5eb72c8d,1,6,cxx_lt_to_ge,interpolate.halide_generated.cpp,9796,69,generator_specific,0,0,0,,,,0,3.254,cxx_lt_to_ge:/mnt/scratch1/ardi/dsl_mut/HM-armc/mutation/lowered-cpp/interpolate/interpolate.halide_generated.cpp:9796:69
interpolate,cxx_default_on_emitted_cpp,5eb72c8d,1,6,cxx_sub_to_add,interpolate.halide_generated.cpp,7408,37,generator_specific,-6,1,1,,,test1_demo;test2_golden,0,0.472,cxx_sub_to_add:/mnt/scratch1/ardi/dsl_mut/HM-armc/mutation/lowered-cpp/interpolate/interpolate.halide_generated.cpp:7408:37
interpolate,cxx_default_on_emitted_cpp,5eb72c8d,1,6,cxx_add_to_sub,interpolate.halide_generated.cpp,4919,26,generator_specific,0,0,1,,,test2_golden,0,3.663,cxx_add_to_sub:/mnt/scratch1/ardi/dsl_mut/HM-armc/mutation/lowered-cpp/interpolate/interpolate.halide_generated.cpp:4919:26
interpolate,cxx_default_on_emitted_cpp,5eb72c8d,1,6,cxx_add_to_sub,interpolate.halide_generated.cpp,3873,28,generator_specific,-11,1,1,,,test1_demo;test2_golden,0,0.549,cxx_add_to_sub:/mnt/scratch1/ardi/dsl_mut/HM-armc/mutation/lowered-cpp/interpolate/interpolate.halide_generated.cpp:3873:28
interpolate,cxx_default_on_emitted_cpp,5eb72c8d,1,6,cxx_mul_to_div,interpolate.halide_generated.cpp,11925,32,generator_specific,0,0,0,,,,0,3.688,cxx_mul_to_div:/mnt/scratch1/ardi/dsl_mut/HM-armc/mutation/lowered-cpp/interpolate/interpolate.halide_generated.cpp:11925:32
interpolate,cxx_default_on_emitted_cpp,5eb72c8d,1,6,cxx_mul_to_div,interpolate.halide_generated.cpp,11434,28,generator_specific,0,0,0,,,,0,3.705,cxx_mul_to_div:/mnt/scratch1/ardi/dsl_mut/HM-armc/mutation/lowered-cpp/interpolate/interpolate.halide_generated.cpp:11434:28
interpolate,cxx_default_on_emitted_cpp,5eb72c8d,1,6,cxx_add_to_sub,interpolate.halide_generated.cpp,8248,36,generator_specific,0,0,0,,,,0,3.214,cxx_add_to_sub:/mnt/scratch1/ardi/dsl_mut/HM-armc/mutation/lowered-cpp/interpolate/interpolate.halide_generated.cpp:8248:36
interpolate,cxx_default_on_emitted_cpp,5eb72c8d,1,6,cxx_add_to_sub,interpolate.halide_generated.cpp,12222,33,generator_specific,0,0,1,,,test2_golden,0,3.374,cxx_add_to_sub:/mnt/scratch1/ardi/dsl_mut/HM-armc/mutation/lowered-cpp/interpolate/interpolate.halide_generated.cpp:12222:33
interpolate,cxx_default_on_emitted_cpp,5eb72c8d,1,6,cxx_add_to_sub,interpolate.halide_generated.cpp,3961,26,generator_specific,0,0,1,,,test2_golden,0,3.926,cxx_add_to_sub:/mnt/scratch1/ardi/dsl_mut/HM-armc/mutation/lowered-cpp/interpolate/interpolate.halide_generated.cpp:3961:26
interpolate,cxx_default_on_emitted_cpp,5eb72c8d,1,6,cxx_add_to_sub,interpolate.halide_generated.cpp,9625,38,generator_specific,0,0,0,,,,0,3.395,cxx_add_to_sub:/mnt/scratch1/ardi/dsl_mut/HM-armc/mutation/lowered-cpp/interpolate/interpolate.halide_generated.cpp:9625:38
interpolate,cxx_default_on_emitted_cpp,5eb72c8d,1,6,cxx_add_to_sub,interpolate.halide_generated.cpp,4021,26,generator_specific,-11,1,1,,,test1_demo;test2_golden,0,0.294,cxx_add_to_sub:/mnt/scratch1/ardi/dsl_mut/HM-armc/mutation/lowered-cpp/interpolate/interpolate.halide_generated.cpp:4021:26
interpolate,cxx_default_on_emitted_cpp,5eb72c8d,1,6,cxx_add_to_sub,interpolate.halide_generated.cpp,9418,38,generator_specific,0,0,0,,,,0,3.508,cxx_add_to_sub:/mnt/scratch1/ardi/dsl_mut/HM-armc/mutation/lowered-cpp/interpolate/interpolate.halide_generated.cpp:9418:38
interpolate,cxx_default_on_emitted_cpp,5eb72c8d,1,6,cxx_add_to_sub,interpolate.halide_generated.cpp,4381,27,generator_specific,-11,1,1,,,test1_demo;test2_golden,0,0.290,cxx_add_to_sub:/mnt/scratch1/ardi/dsl_mut/HM-armc/mutation/lowered-cpp/interpolate/interpolate.halide_generated.cpp:4381:27
interpolate,cxx_default_on_emitted_cpp,5eb72c8d,1,6,cxx_post_inc_to_post_dec,interpolate.halide_generated.cpp,7926,110,generator_specific,-11,1,1,,,test1_demo;test2_golden,0,0.604,cxx_post_inc_to_post_dec:/mnt/scratch1/ardi/dsl_mut/HM-armc/mutation/lowered-cpp/interpolate/interpolate.halide_generated.cpp:7926:110
interpolate,cxx_default_on_emitted_cpp,5eb72c8d,1,6,cxx_sub_to_add,interpolate.halide_generated.cpp,9488,37,generator_specific,0,0,0,,,,0,3.755,cxx_sub_to_add:/mnt/scratch1/ardi/dsl_mut/HM-armc/mutation/lowered-cpp/interpolate/interpolate.halide_generated.cpp:9488:37
interpolate,cxx_default_on_emitted_cpp,5eb72c8d,1,6,cxx_add_to_sub,interpolate.halide_generated.cpp,4007,26,generator_specific,-11,1,1,,,test1_demo;test2_golden,0,0.659,cxx_add_to_sub:/mnt/scratch1/ardi/dsl_mut/HM-armc/mutation/lowered-cpp/interpolate/interpolate.halide_generated.cpp:4007:26
interpolate,cxx_default_on_emitted_cpp,5eb72c8d,1,6,cxx_lt_to_ge,interpolate.halide_generated.cpp,3372,25,boilerplate,0,0,1,,,test2_golden,0,2.754,cxx_lt_to_ge:/mnt/scratch1/ardi/dsl_mut/HM-armc/mutation/lowered-cpp/interpolate/interpolate.halide_generated.cpp:3372:25
interpolate,cxx_default_on_emitted_cpp,5eb72c8d,1,6,cxx_mul_to_div,interpolate.halide_generated.cpp,4010,26,generator_specific,0,0,1,,,test2_golden,0,2.913,cxx_mul_to_div:/mnt/scratch1/ardi/dsl_mut/HM-armc/mutation/lowered-cpp/interpolate/interpolate.halide_generated.cpp:4010:26
interpolate,cxx_default_on_emitted_cpp,5eb72c8d,1,6,cxx_add_to_sub,interpolate.halide_generated.cpp,9989,37,generator_specific,0,0,0,,,,0,3.071,cxx_add_to_sub:/mnt/scratch1/ardi/dsl_mut/HM-armc/mutation/lowered-cpp/interpolate/interpolate.halide_generated.cpp:9989:37
interpolate,cxx_default_on_emitted_cpp,5eb72c8d,1,6,cxx_sub_to_add,interpolate.halide_generated.cpp,3685,21,generator_specific,0,0,0,,,,0,3.121,cxx_sub_to_add:/mnt/scratch1/ardi/dsl_mut/HM-armc/mutation/lowered-cpp/interpolate/interpolate.halide_generated.cpp:3685:21
interpolate,cxx_default_on_emitted_cpp,5eb72c8d,1,6,cxx_add_to_sub,interpolate.halide_generated.cpp,5465,25,generator_specific,0,0,1,,,test2_golden,0,3.096,cxx_add_to_sub:/mnt/scratch1/ardi/dsl_mut/HM-armc/mutation/lowered-cpp/interpolate/interpolate.halide_generated.cpp:5465:25
interpolate,cxx_default_on_emitted_cpp,5eb72c8d,1,6,cxx_add_to_sub,interpolate.halide_generated.cpp,9440,35,generator_specific,0,0,0,,,,0,3.113,cxx_add_to_sub:/mnt/scratch1/ardi/dsl_mut/HM-armc/mutation/lowered-cpp/interpolate/interpolate.halide_generated.cpp:9440:35
interpolate,cxx_default_on_emitted_cpp,5eb72c8d,1,6,cxx_mul_to_div,interpolate.halide_generated.cpp,7664,37,generator_specific,0,0,0,,,,0,3.105,cxx_mul_to_div:/mnt/scratch1/ardi/dsl_mut/HM-armc/mutation/lowered-cpp/interpolate/interpolate.halide_generated.cpp:7664:37
interpolate,cxx_default_on_emitted_cpp,5eb72c8d,1,6,cxx_add_to_sub,interpolate.halide_generated.cpp,11788,31,generator_specific,0,0,0,,,,0,3.144,cxx_add_to_sub:/mnt/scratch1/ardi/dsl_mut/HM-armc/mutation/lowered-cpp/interpolate/interpolate.halide_generated.cpp:11788:31
interpolate,cxx_default_on_emitted_cpp,5eb72c8d,1,6,cxx_add_to_sub,interpolate.halide_generated.cpp,9703,37,generator_specific,0,0,0,,,,0,3.063,cxx_add_to_sub:/mnt/scratch1/ardi/dsl_mut/HM-armc/mutation/lowered-cpp/interpolate/interpolate.halide_generated.cpp:9703:37
interpolate,cxx_default_on_emitted_cpp,5eb72c8d,1,6,cxx_add_to_sub,interpolate.halide_generated.cpp,7072,38,generator_specific,0,0,1,,,test2_golden,0,3.197,cxx_add_to_sub:/mnt/scratch1/ardi/dsl_mut/HM-armc/mutation/lowered-cpp/interpolate/interpolate.halide_generated.cpp:7072:38
interpolate,cxx_default_on_emitted_cpp,5eb72c8d,1,6,cxx_lt_to_ge,interpolate.halide_generated.cpp,10021,86,generator_specific,0,0,0,,,,0,3.061,cxx_lt_to_ge:/mnt/scratch1/ardi/dsl_mut/HM-armc/mutation/lowered-cpp/interpolate/interpolate.halide_generated.cpp:10021:86
interpolate,cxx_default_on_emitted_cpp,5eb72c8d,1,6,cxx_sub_to_add,interpolate.halide_generated.cpp,9357,36,generator_specific,0,0,0,,,,0,3.102,cxx_sub_to_add:/mnt/scratch1/ardi/dsl_mut/HM-armc/mutation/lowered-cpp/interpolate/interpolate.halide_generated.cpp:9357:36
interpolate,cxx_default_on_emitted_cpp,5eb72c8d,1,6,cxx_sub_to_add,interpolate.halide_generated.cpp,9243,36,generator_specific,0,0,0,,,,0,3.177,cxx_sub_to_add:/mnt/scratch1/ardi/dsl_mut/HM-armc/mutation/lowered-cpp/interpolate/interpolate.halide_generated.cpp:9243:36
interpolate,cxx_default_on_emitted_cpp,5eb72c8d,1,6,cxx_add_to_sub,interpolate.halide_generated.cpp,11042,25,generator_specific,0,0,0,,,,0,3.165,cxx_add_to_sub:/mnt/scratch1/ardi/dsl_mut/HM-armc/mutation/lowered-cpp/interpolate/interpolate.halide_generated.cpp:11042:25
interpolate,cxx_default_on_emitted_cpp,5eb72c8d,1,6,cxx_gt_to_ge,interpolate.halide_generated.cpp,6233,16,generator_specific,0,0,0,,,,0,3.167,cxx_gt_to_ge:/mnt/scratch1/ardi/dsl_mut/HM-armc/mutation/lowered-cpp/interpolate/interpolate.halide_generated.cpp:6233:16
interpolate,cxx_default_on_emitted_cpp,5eb72c8d,1,6,cxx_lt_to_ge,interpolate.halide_generated.cpp,9920,86,generator_specific,0,0,0,,,,0,3.308,cxx_lt_to_ge:/mnt/scratch1/ardi/dsl_mut/HM-armc/mutation/lowered-cpp/interpolate/interpolate.halide_generated.cpp:9920:86
interpolate,cxx_default_on_emitted_cpp,5eb72c8d,1,6,cxx_add_to_sub,interpolate.halide_generated.cpp,8870,26,generator_specific,0,0,0,,,,0,3.164,cxx_add_to_sub:/mnt/scratch1/ardi/dsl_mut/HM-armc/mutation/lowered-cpp/interpolate/interpolate.halide_generated.cpp:8870:26
interpolate,cxx_default_on_emitted_cpp,5eb72c8d,1,6,cxx_mul_to_div,interpolate.halide_generated.cpp,6700,55,generator_specific,0,0,0,,,,0,3.468,cxx_mul_to_div:/mnt/scratch1/ardi/dsl_mut/HM-armc/mutation/lowered-cpp/interpolate/interpolate.halide_generated.cpp:6700:55
interpolate,cxx_default_on_emitted_cpp,5eb72c8d,1,6,cxx_add_to_sub,interpolate.halide_generated.cpp,7508,38,generator_specific,0,0,0,,,,0,3.180,cxx_add_to_sub:/mnt/scratch1/ardi/dsl_mut/HM-armc/mutation/lowered-cpp/interpolate/interpolate.halide_generated.cpp:7508:38
interpolate,cxx_default_on_emitted_cpp,5eb72c8d,1,6,cxx_add_to_sub,interpolate.halide_generated.cpp,3774,28,generator_specific,0,0,1,,,test2_golden,0,3.227,cxx_add_to_sub:/mnt/scratch1/ardi/dsl_mut/HM-armc/mutation/lowered-cpp/interpolate/interpolate.halide_generated.cpp:3774:28
interpolate,cxx_default_on_emitted_cpp,5eb72c8d,1,6,cxx_replace_scalar_call,interpolate.halide_generated.cpp,10826,20,generator_specific,0,0,0,,,,0,3.223,cxx_replace_scalar_call:/mnt/scratch1/ardi/dsl_mut/HM-armc/mutation/lowered-cpp/interpolate/interpolate.halide_generated.cpp:10826:20
interpolate,cxx_default_on_emitted_cpp,5eb72c8d,1,6,cxx_replace_scalar_call,interpolate.halide_generated.cpp,10958,20,generator_specific,0,0,0,,,,0,3.226,cxx_replace_scalar_call:/mnt/scratch1/ardi/dsl_mut/HM-armc/mutation/lowered-cpp/interpolate/interpolate.halide_generated.cpp:10958:20
interpolate,cxx_default_on_emitted_cpp,5eb72c8d,1,6,cxx_add_to_sub,interpolate.halide_generated.cpp,4085,26,generator_specific,0,0,0,,,,0,2.901,cxx_add_to_sub:/mnt/scratch1/ardi/dsl_mut/HM-armc/mutation/lowered-cpp/interpolate/interpolate.halide_generated.cpp:4085:26
interpolate,cxx_default_on_emitted_cpp,5eb72c8d,1,6,cxx_gt_to_le,interpolate.halide_generated.cpp,8874,72,generator_specific,0,0,0,,,,0,3.242,cxx_gt_to_le:/mnt/scratch1/ardi/dsl_mut/HM-armc/mutation/lowered-cpp/interpolate/interpolate.halide_generated.cpp:8874:72
interpolate,cxx_default_on_emitted_cpp,5eb72c8d,1,6,cxx_mul_to_div,interpolate.halide_generated.cpp,4058,26,generator_specific,0,0,0,,,,0,3.488,cxx_mul_to_div:/mnt/scratch1/ardi/dsl_mut/HM-armc/mutation/lowered-cpp/interpolate/interpolate.halide_generated.cpp:4058:26
interpolate,cxx_default_on_emitted_cpp,5eb72c8d,1,6,cxx_post_inc_to_post_dec,interpolate.halide_generated.cpp,6671,127,generator_specific,-11,1,1,,,test1_demo;test2_golden,0,0.290,cxx_post_inc_to_post_dec:/mnt/scratch1/ardi/dsl_mut/HM-armc/mutation/lowered-cpp/interpolate/interpolate.halide_generated.cpp:6671:127
interpolate,cxx_default_on_emitted_cpp,5eb72c8d,1,6,cxx_add_to_sub,interpolate.halide_generated.cpp,5367,26,generator_specific,0,0,0,,,,0,3.434,cxx_add_to_sub:/mnt/scratch1/ardi/dsl_mut/HM-armc/mutation/lowered-cpp/interpolate/interpolate.halide_generated.cpp:5367:26
interpolate,cxx_default_on_emitted_cpp,5eb72c8d,1,6,cxx_add_to_sub,interpolate.halide_generated.cpp,11210,26,generator_specific,0,0,0,,,,0,3.426,cxx_add_to_sub:/mnt/scratch1/ardi/dsl_mut/HM-armc/mutation/lowered-cpp/interpolate/interpolate.halide_generated.cpp:11210:26
interpolate,cxx_default_on_emitted_cpp,5eb72c8d,1,6,cxx_add_to_sub,interpolate.halide_generated.cpp,5360,27,generator_specific,0,0,0,,,,0,3.190,cxx_add_to_sub:/mnt/scratch1/ardi/dsl_mut/HM-armc/mutation/lowered-cpp/interpolate/interpolate.halide_generated.cpp:5360:27
interpolate,cxx_default_on_emitted_cpp,5eb72c8d,1,6,cxx_add_to_sub,interpolate.halide_generated.cpp,8470,35,generator_specific,0,0,1,,,test2_golden,0,3.371,cxx_add_to_sub:/mnt/scratch1/ardi/dsl_mut/HM-armc/mutation/lowered-cpp/interpolate/interpolate.halide_generated.cpp:8470:35
interpolate,cxx_default_on_emitted_cpp,5eb72c8d,1,6,cxx_add_to_sub,interpolate.halide_generated.cpp,9983,37,generator_specific,0,0,0,,,,0,3.537,cxx_add_to_sub:/mnt/scratch1/ardi/dsl_mut/HM-armc/mutation/lowered-cpp/interpolate/interpolate.halide_generated.cpp:9983:37
interpolate,cxx_default_on_emitted_cpp,5eb72c8d,1,6,cxx_add_to_sub,interpolate.halide_generated.cpp,10518,24,generator_specific,0,0,0,,,,0,2.935,cxx_add_to_sub:/mnt/scratch1/ardi/dsl_mut/HM-armc/mutation/lowered-cpp/interpolate/interpolate.halide_generated.cpp:10518:24
interpolate,cxx_default_on_emitted_cpp,5eb72c8d,1,6,cxx_post_inc_to_post_dec,interpolate.halide_generated.cpp,4665,85,generator_specific,-11,1,1,,,test1_demo;test2_golden,0,0.348,cxx_post_inc_to_post_dec:/mnt/scratch1/ardi/dsl_mut/HM-armc/mutation/lowered-cpp/interpolate/interpolate.halide_generated.cpp:4665:85
interpolate,cxx_default_on_emitted_cpp,5eb72c8d,1,6,cxx_mul_to_div,interpolate.halide_generated.cpp,9372,37,generator_specific,0,0,0,,,,0,2.700,cxx_mul_to_div:/mnt/scratch1/ardi/dsl_mut/HM-armc/mutation/lowered-cpp/interpolate/interpolate.halide_generated.cpp:9372:37
interpolate,cxx_default_on_emitted_cpp,5eb72c8d,1,6,cxx_sub_to_add,interpolate.halide_generated.cpp,6689,37,generator_specific,0,0,0,,,,0,3.171,cxx_sub_to_add:/mnt/scratch1/ardi/dsl_mut/HM-armc/mutation/lowered-cpp/interpolate/interpolate.halide_generated.cpp:6689:37
interpolate,cxx_default_on_emitted_cpp,5eb72c8d,1,6,cxx_mul_to_div,interpolate.halide_generated.cpp,8319,35,generator_specific,0,0,0,,,,0,3.592,cxx_mul_to_div:/mnt/scratch1/ardi/dsl_mut/HM-armc/mutation/lowered-cpp/interpolate/interpolate.halide_generated.cpp:8319:35
interpolate,cxx_default_on_emitted_cpp,5eb72c8d,1,6,cxx_add_to_sub,interpolate.halide_generated.cpp,7916,37,generator_specific,-11,1,1,,,test1_demo;test2_golden,0,0.349,cxx_add_to_sub:/mnt/scratch1/ardi/dsl_mut/HM-armc/mutation/lowered-cpp/interpolate/interpolate.halide_generated.cpp:7916:37
interpolate,cxx_default_on_emitted_cpp,5eb72c8d,1,6,cxx_add_to_sub,interpolate.halide_generated.cpp,8262,36,generator_specific,0,0,1,,,test2_golden,0,3.343,cxx_add_to_sub:/mnt/scratch1/ardi/dsl_mut/HM-armc/mutation/lowered-cpp/interpolate/interpolate.halide_generated.cpp:8262:36
interpolate,cxx_default_on_emitted_cpp,5eb72c8d,1,6,cxx_add_to_sub,interpolate.halide_generated.cpp,12134,33,generator_specific,0,0,0,,,,0,3.274,cxx_add_to_sub:/mnt/scratch1/ardi/dsl_mut/HM-armc/mutation/lowered-cpp/interpolate/interpolate.halide_generated.cpp:12134:33
interpolate,cxx_default_on_emitted_cpp,5eb72c8d,1,6,cxx_mul_to_div,interpolate.halide_generated.cpp,6739,37,generator_specific,0,0,0,,,,0,3.343,cxx_mul_to_div:/mnt/scratch1/ardi/dsl_mut/HM-armc/mutation/lowered-cpp/interpolate/interpolate.halide_generated.cpp:6739:37
interpolate,cxx_default_on_emitted_cpp,5eb72c8d,1,6,cxx_add_to_sub,interpolate.halide_generated.cpp,4757,24,generator_specific,0,0,0,,,,0,3.326,cxx_add_to_sub:/mnt/scratch1/ardi/dsl_mut/HM-armc/mutation/lowered-cpp/interpolate/interpolate.halide_generated.cpp:4757:24
interpolate,cxx_default_on_emitted_cpp,5eb72c8d,1,6,cxx_mul_to_div,interpolate.halide_generated.cpp,9707,37,generator_specific,0,0,0,,,,0,3.407,cxx_mul_to_div:/mnt/scratch1/ardi/dsl_mut/HM-armc/mutation/lowered-cpp/interpolate/interpolate.halide_generated.cpp:9707:37
interpolate,cxx_default_on_emitted_cpp,5eb72c8d,1,6,cxx_replace_scalar_call,interpolate.halide_generated.cpp,11029,19,generator_specific,-11,1,1,,,test1_demo;test2_golden,0,0.426,cxx_replace_scalar_call:/mnt/scratch1/ardi/dsl_mut/HM-armc/mutation/lowered-cpp/interpolate/interpolate.halide_generated.cpp:11029:19
interpolate,cxx_default_on_emitted_cpp,5eb72c8d,1,6,cxx_add_to_sub,interpolate.halide_generated.cpp,7101,37,generator_specific,0,0,0,,,,0,3.765,cxx_add_to_sub:/mnt/scratch1/ardi/dsl_mut/HM-armc/mutation/lowered-cpp/interpolate/interpolate.halide_generated.cpp:7101:37
interpolate,cxx_default_on_emitted_cpp,5eb72c8d,1,6,cxx_sub_to_add,interpolate.halide_generated.cpp,8111,35,generator_specific,0,0,1,,,test2_golden,0,3.614,cxx_sub_to_add:/mnt/scratch1/ardi/dsl_mut/HM-armc/mutation/lowered-cpp/interpolate/interpolate.halide_generated.cpp:8111:35
interpolate,cxx_default_on_emitted_cpp,5eb72c8d,1,6,cxx_gt_to_ge,interpolate.halide_generated.cpp,11946,79,generator_specific,0,0,0,,,,0,3.520,cxx_gt_to_ge:/mnt/scratch1/ardi/dsl_mut/HM-armc/mutation/lowered-cpp/interpolate/interpolate.halide_generated.cpp:11946:79
interpolate,cxx_default_on_emitted_cpp,5eb72c8d,1,6,cxx_sub_to_add,interpolate.halide_generated.cpp,11839,32,generator_specific,0,0,1,,,test2_golden,0,2.944,cxx_sub_to_add:/mnt/scratch1/ardi/dsl_mut/HM-armc/mutation/lowered-cpp/interpolate/interpolate.halide_generated.cpp:11839:32
interpolate,cxx_default_on_emitted_cpp,5eb72c8d,1,6,cxx_add_to_sub,interpolate.halide_generated.cpp,4357,26,generator_specific,0,0,0,,,,0,3.222,cxx_add_to_sub:/mnt/scratch1/ardi/dsl_mut/HM-armc/mutation/lowered-cpp/interpolate/interpolate.halide_generated.cpp:4357:26
interpolate,cxx_default_on_emitted_cpp,5eb72c8d,1,6,cxx_add_to_sub,interpolate.halide_generated.cpp,9184,38,generator_specific,0,0,0,,,,0,3.816,cxx_add_to_sub:/mnt/scratch1/ardi/dsl_mut/HM-armc/mutation/lowered-cpp/interpolate/interpolate.halide_generated.cpp:9184:38
interpolate,cxx_default_on_emitted_cpp,5eb72c8d,1,6,cxx_add_to_sub,interpolate.halide_generated.cpp,8112,36,generator_specific,0,0,0,,,,0,3.825,cxx_add_to_sub:/mnt/scratch1/ardi/dsl_mut/HM-armc/mutation/lowered-cpp/interpolate/interpolate.halide_generated.cpp:8112:36
interpolate,cxx_default_on_emitted_cpp,5eb72c8d,1,6,cxx_add_to_sub,interpolate.halide_generated.cpp,8385,36,generator_specific,0,0,1,,,test2_golden,0,3.149,cxx_add_to_sub:/mnt/scratch1/ardi/dsl_mut/HM-armc/mutation/lowered-cpp/interpolate/interpolate.halide_generated.cpp:8385:36
interpolate,cxx_default_on_emitted_cpp,5eb72c8d,1,6,cxx_add_to_sub,interpolate.halide_generated.cpp,9500,38,generator_specific,0,0,0,,,,0,3.377,cxx_add_to_sub:/mnt/scratch1/ardi/dsl_mut/HM-armc/mutation/lowered-cpp/interpolate/interpolate.halide_generated.cpp:9500:38
interpolate,cxx_default_on_emitted_cpp,5eb72c8d,1,6,cxx_add_to_sub,interpolate.halide_generated.cpp,7831,37,generator_specific,0,0,1,,,test2_golden,0,3.701,cxx_add_to_sub:/mnt/scratch1/ardi/dsl_mut/HM-armc/mutation/lowered-cpp/interpolate/interpolate.halide_generated.cpp:7831:37
interpolate,cxx_default_on_emitted_cpp,5eb72c8d,1,6,cxx_add_to_sub,interpolate.halide_generated.cpp,7056,38,generator_specific,0,0,1,,,test2_golden,0,3.961,cxx_add_to_sub:/mnt/scratch1/ardi/dsl_mut/HM-armc/mutation/lowered-cpp/interpolate/interpolate.halide_generated.cpp:7056:38
interpolate,cxx_default_on_emitted_cpp,5eb72c8d,1,6,cxx_add_to_sub,interpolate.halide_generated.cpp,3978,26,generator_specific,0,0,1,,,test2_golden,0,3.724,cxx_add_to_sub:/mnt/scratch1/ardi/dsl_mut/HM-armc/mutation/lowered-cpp/interpolate/interpolate.halide_generated.cpp:3978:26
interpolate,cxx_default_on_emitted_cpp,5eb72c8d,1,6,cxx_add_to_sub,interpolate.halide_generated.cpp,5073,24,generator_specific,0,0,1,,,test2_golden,0,3.904,cxx_add_to_sub:/mnt/scratch1/ardi/dsl_mut/HM-armc/mutation/lowered-cpp/interpolate/interpolate.halide_generated.cpp:5073:24
interpolate,cxx_default_on_emitted_cpp,5eb72c8d,1,6,cxx_lt_to_le,interpolate.halide_generated.cpp,4649,64,generator_specific,-6,1,1,,,test1_demo;test2_golden,0,0.431,cxx_lt_to_le:/mnt/scratch1/ardi/dsl_mut/HM-armc/mutation/lowered-cpp/interpolate/interpolate.halide_generated.cpp:4649:64
interpolate,cxx_default_on_emitted_cpp,5eb72c8d,1,6,cxx_add_to_sub,interpolate.halide_generated.cpp,8763,36,generator_specific,0,0,0,,,,0,2.913,cxx_add_to_sub:/mnt/scratch1/ardi/dsl_mut/HM-armc/mutation/lowered-cpp/interpolate/interpolate.halide_generated.cpp:8763:36
interpolate,cxx_default_on_emitted_cpp,5eb72c8d,1,6,cxx_replace_scalar_call,interpolate.halide_generated.cpp,10434,18,generator_specific,0,0,1,,,test2_golden,0,3.012,cxx_replace_scalar_call:/mnt/scratch1/ardi/dsl_mut/HM-armc/mutation/lowered-cpp/interpolate/interpolate.halide_generated.cpp:10434:18
interpolate,cxx_default_on_emitted_cpp,5eb72c8d,1,6,cxx_add_to_sub,interpolate.halide_generated.cpp,4299,27,generator_specific,0,0,1,,,test2_golden,0,3.079,cxx_add_to_sub:/mnt/scratch1/ardi/dsl_mut/HM-armc/mutation/lowered-cpp/interpolate/interpolate.halide_generated.cpp:4299:27
interpolate,cxx_default_on_emitted_cpp,5eb72c8d,1,6,cxx_sub_to_add,interpolate.halide_generated.cpp,5272,25,generator_specific,0,0,0,,,,0,2.984,cxx_sub_to_add:/mnt/scratch1/ardi/dsl_mut/HM-armc/mutation/lowered-cpp/interpolate/interpolate.halide_generated.cpp:5272:25
interpolate,cxx_default_on_emitted_cpp,5eb72c8d,1,6,cxx_add_to_sub,interpolate.halide_generated.cpp,10078,38,generator_specific,0,0,0,,,,0,3.218,cxx_add_to_sub:/mnt/scratch1/ardi/dsl_mut/HM-armc/mutation/lowered-cpp/interpolate/interpolate.halide_generated.cpp:10078:38
interpolate,cxx_default_on_emitted_cpp,5eb72c8d,1,6,cxx_add_to_sub,interpolate.halide_generated.cpp,4108,26,generator_specific,0,0,0,,,,0,3.085,cxx_add_to_sub:/mnt/scratch1/ardi/dsl_mut/HM-armc/mutation/lowered-cpp/interpolate/interpolate.halide_generated.cpp:4108:26
interpolate,cxx_default_on_emitted_cpp,5eb72c8d,1,6,cxx_add_to_sub,interpolate.halide_generated.cpp,10174,35,generator_specific,0,0,0,,,,0,3.174,cxx_add_to_sub:/mnt/scratch1/ardi/dsl_mut/HM-armc/mutation/lowered-cpp/interpolate/interpolate.halide_generated.cpp:10174:35
interpolate,cxx_default_on_emitted_cpp,5eb72c8d,1,6,cxx_add_to_sub,interpolate.halide_generated.cpp,7886,35,generator_specific,0,0,0,,,,0,3.340,cxx_add_to_sub:/mnt/scratch1/ardi/dsl_mut/HM-armc/mutation/lowered-cpp/interpolate/interpolate.halide_generated.cpp:7886:35
interpolate,cxx_default_on_emitted_cpp,5eb72c8d,1,6,cxx_gt_to_le,interpolate.halide_generated.cpp,8951,30,generator_specific,0,0,0,,,,0,3.195,cxx_gt_to_le:/mnt/scratch1/ardi/dsl_mut/HM-armc/mutation/lowered-cpp/interpolate/interpolate.halide_generated.cpp:8951:30
interpolate,cxx_default_on_emitted_cpp,5eb72c8d,1,6,cxx_add_to_sub,interpolate.halide_generated.cpp,9446,35,generator_specific,0,0,0,,,,0,2.825,cxx_add_to_sub:/mnt/scratch1/ardi/dsl_mut/HM-armc/mutation/lowered-cpp/interpolate/interpolate.halide_generated.cpp:9446:35
interpolate,cxx_default_on_emitted_cpp,5eb72c8d,1,6,cxx_add_to_sub,interpolate.halide_generated.cpp,9606,37,generator_specific,0,0,1,,,test2_golden,0,3.433,cxx_add_to_sub:/mnt/scratch1/ardi/dsl_mut/HM-armc/mutation/lowered-cpp/interpolate/interpolate.halide_generated.cpp:9606:37
interpolate,cxx_default_on_emitted_cpp,5eb72c8d,1,6,cxx_remove_void_call,interpolate.halide_generated.cpp,9991,16,generator_specific,0,0,0,,,,0,3.176,cxx_remove_void_call:/mnt/scratch1/ardi/dsl_mut/HM-armc/mutation/lowered-cpp/interpolate/interpolate.halide_generated.cpp:9991:16
interpolate,cxx_default_on_emitted_cpp,5eb72c8d,1,6,cxx_gt_to_ge,interpolate.halide_generated.cpp,11468,18,generator_specific,0,0,0,,,,0,3.385,cxx_gt_to_ge:/mnt/scratch1/ardi/dsl_mut/HM-armc/mutation/lowered-cpp/interpolate/interpolate.halide_generated.cpp:11468:18
interpolate,cxx_default_on_emitted_cpp,5eb72c8d,1,6,cxx_add_to_sub,interpolate.halide_generated.cpp,9475,37,generator_specific,0,0,0,,,,0,3.126,cxx_add_to_sub:/mnt/scratch1/ardi/dsl_mut/HM-armc/mutation/lowered-cpp/interpolate/interpolate.halide_generated.cpp:9475:37
interpolate,cxx_default_on_emitted_cpp,5eb72c8d,1,6,cxx_sub_to_add,interpolate.halide_generated.cpp,11604,30,generator_specific,0,0,0,,,,0,3.821,cxx_sub_to_add:/mnt/scratch1/ardi/dsl_mut/HM-armc/mutation/lowered-cpp/interpolate/interpolate.halide_generated.cpp:11604:30
interpolate,cxx_default_on_emitted_cpp,5eb72c8d,1,6,cxx_add_to_sub,interpolate.halide_generated.cpp,11108,26,generator_specific,0,0,1,,,test2_golden,0,3.330,cxx_add_to_sub:/mnt/scratch1/ardi/dsl_mut/HM-armc/mutation/lowered-cpp/interpolate/interpolate.halide_generated.cpp:11108:26
interpolate,cxx_default_on_emitted_cpp,5eb72c8d,1,6,cxx_add_to_sub,interpolate.halide_generated.cpp,5530,66,generator_specific,0,0,0,,,,0,3.115,cxx_add_to_sub:/mnt/scratch1/ardi/dsl_mut/HM-armc/mutation/lowered-cpp/interpolate/interpolate.halide_generated.cpp:5530:66
interpolate,cxx_default_on_emitted_cpp,5eb72c8d,1,6,cxx_sub_to_add,interpolate.halide_generated.cpp,6512,36,generator_specific,0,0,0,,,,0,3.144,cxx_sub_to_add:/mnt/scratch1/ardi/dsl_mut/HM-armc/mutation/lowered-cpp/interpolate/interpolate.halide_generated.cpp:6512:36
interpolate,cxx_default_on_emitted_cpp,5eb72c8d,1,6,cxx_le_to_gt,interpolate.halide_generated.cpp,10937,22,generator_specific,-6,1,1,,,test1_demo;test2_golden,0,0.288,cxx_le_to_gt:/mnt/scratch1/ardi/dsl_mut/HM-armc/mutation/lowered-cpp/interpolate/interpolate.halide_generated.cpp:10937:22
interpolate,cxx_default_on_emitted_cpp,5eb72c8d,1,6,cxx_mul_to_div,interpolate.halide_generated.cpp,7820,37,generator_specific,-11,1,1,,,test1_demo;test2_golden,0,0.389,cxx_mul_to_div:/mnt/scratch1/ardi/dsl_mut/HM-armc/mutation/lowered-cpp/interpolate/interpolate.halide_generated.cpp:7820:37
interpolate,cxx_default_on_emitted_cpp,5eb72c8d,1,6,cxx_mul_to_div,interpolate.halide_generated.cpp,10293,35,generator_specific,0,0,0,,,,0,3.364,cxx_mul_to_div:/mnt/scratch1/ardi/dsl_mut/HM-armc/mutation/lowered-cpp/interpolate/interpolate.halide_generated.cpp:10293:35
interpolate,cxx_default_on_emitted_cpp,5eb72c8d,1,6,cxx_add_to_sub,interpolate.halide_generated.cpp,4969,29,generator_specific,0,0,0,,,,0,3.213,cxx_add_to_sub:/mnt/scratch1/ardi/dsl_mut/HM-armc/mutation/lowered-cpp/interpolate/interpolate.halide_generated.cpp:4969:29
interpolate,cxx_default_on_emitted_cpp,5eb72c8d,1,6,cxx_mul_to_div,interpolate.halide_generated.cpp,8505,36,generator_specific,0,0,1,,,test2_golden,0,3.276,cxx_mul_to_div:/mnt/scratch1/ardi/dsl_mut/HM-armc/mutation/lowered-cpp/interpolate/interpolate.halide_generated.cpp:8505:36
interpolate,cxx_default_on_emitted_cpp,5eb72c8d,1,6,cxx_add_to_sub,interpolate.halide_generated.cpp,3916,26,generator_specific,0,0,1,,,test2_golden,0,3.283,cxx_add_to_sub:/mnt/scratch1/ardi/dsl_mut/HM-armc/mutation/lowered-cpp/interpolate/interpolate.halide_generated.cpp:3916:26
interpolate,cxx_default_on_emitted_cpp,5eb72c8d,1,6,cxx_mul_to_div,interpolate.halide_generated.cpp,6502,51,generator_specific,0,0,1,,,test2_golden,0,3.456,cxx_mul_to_div:/mnt/scratch1/ardi/dsl_mut/HM-armc/mutation/lowered-cpp/interpolate/interpolate.halide_generated.cpp:6502:51
interpolate,cxx_default_on_emitted_cpp,5eb72c8d,1,6,cxx_add_to_sub,interpolate.halide_generated.cpp,12282,33,generator_specific,0,0,0,,,,0,3.087,cxx_add_to_sub:/mnt/scratch1/ardi/dsl_mut/HM-armc/mutation/lowered-cpp/interpolate/interpolate.halide_generated.cpp:12282:33
interpolate,cxx_default_on_emitted_cpp,5eb72c8d,1,6,cxx_lt_to_le,interpolate.halide_generated.cpp,10120,65,generator_specific,0,0,0,,,,0,3.419,cxx_lt_to_le:/mnt/scratch1/ardi/dsl_mut/HM-armc/mutation/lowered-cpp/interpolate/interpolate.halide_generated.cpp:10120:65
interpolate,cxx_default_on_emitted_cpp,5eb72c8d,1,6,cxx_eq_to_ne,interpolate.halide_generated.cpp,8907,50,generator_specific,0,0,0,,,,0,3.546,cxx_eq_to_ne:/mnt/scratch1/ardi/dsl_mut/HM-armc/mutation/lowered-cpp/interpolate/interpolate.halide_generated.cpp:8907:50
interpolate,cxx_default_on_emitted_cpp,5eb72c8d,1,6,cxx_add_to_sub,interpolate.halide_generated.cpp,9833,37,generator_specific,0,0,0,,,,0,2.714,cxx_add_to_sub:/mnt/scratch1/ardi/dsl_mut/HM-armc/mutation/lowered-cpp/interpolate/interpolate.halide_generated.cpp:9833:37
interpolate,cxx_default_on_emitted_cpp,5eb72c8d,1,6,cxx_gt_to_le,interpolate.halide_generated.cpp,10852,22,generator_specific,-6,1,1,,,test1_demo;test2_golden,0,0.253,cxx_gt_to_le:/mnt/scratch1/ardi/dsl_mut/HM-armc/mutation/lowered-cpp/interpolate/interpolate.halide_generated.cpp:10852:22
interpolate,cxx_default_on_emitted_cpp,5eb72c8d,1,6,cxx_mul_to_div,interpolate.halide_generated.cpp,6213,74,generator_specific,-11,1,1,,,test1_demo;test2_golden,0,0.310,cxx_mul_to_div:/mnt/scratch1/ardi/dsl_mut/HM-armc/mutation/lowered-cpp/interpolate/interpolate.halide_generated.cpp:6213:74
interpolate,cxx_default_on_emitted_cpp,5eb72c8d,1,6,cxx_add_to_sub,interpolate.halide_generated.cpp,8829,35,generator_specific,0,0,1,,,test2_golden,0,3.059,cxx_add_to_sub:/mnt/scratch1/ardi/dsl_mut/HM-armc/mutation/lowered-cpp/interpolate/interpolate.halide_generated.cpp:8829:35
interpolate,cxx_default_on_emitted_cpp,5eb72c8d,1,6,cxx_add_to_sub,interpolate.halide_generated.cpp,3743,26,generator_specific,0,0,1,,,test2_golden,0,2.734,cxx_add_to_sub:/mnt/scratch1/ardi/dsl_mut/HM-armc/mutation/lowered-cpp/interpolate/interpolate.halide_generated.cpp:3743:26
interpolate,cxx_default_on_emitted_cpp,5eb72c8d,1,6,cxx_add_to_sub,interpolate.halide_generated.cpp,8212,35,generator_specific,0,0,0,,,,0,3.335,cxx_add_to_sub:/mnt/scratch1/ardi/dsl_mut/HM-armc/mutation/lowered-cpp/interpolate/interpolate.halide_generated.cpp:8212:35
interpolate,cxx_default_on_emitted_cpp,5eb72c8d,1,6,cxx_sub_to_add,interpolate.halide_generated.cpp,6692,37,generator_specific,0,0,0,,,,0,3.658,cxx_sub_to_add:/mnt/scratch1/ardi/dsl_mut/HM-armc/mutation/lowered-cpp/interpolate/interpolate.halide_generated.cpp:6692:37
interpolate,cxx_default_on_emitted_cpp,5eb72c8d,1,6,cxx_mul_to_div,interpolate.halide_generated.cpp,4189,25,generator_specific,0,0,1,,,test2_golden,0,3.091,cxx_mul_to_div:/mnt/scratch1/ardi/dsl_mut/HM-armc/mutation/lowered-cpp/interpolate/interpolate.halide_generated.cpp:4189:25
interpolate,cxx_default_on_emitted_cpp,5eb72c8d,1,6,cxx_sub_to_add,interpolate.halide_generated.cpp,5656,25,generator_specific,0,0,1,,,test2_golden,0,3.741,cxx_sub_to_add:/mnt/scratch1/ardi/dsl_mut/HM-armc/mutation/lowered-cpp/interpolate/interpolate.halide_generated.cpp:5656:25
interpolate,cxx_default_on_emitted_cpp,5eb72c8d,1,6,cxx_add_to_sub,interpolate.halide_generated.cpp,9847,38,generator_specific,0,0,0,,,,0,3.545,cxx_add_to_sub:/mnt/scratch1/ardi/dsl_mut/HM-armc/mutation/lowered-cpp/interpolate/interpolate.halide_generated.cpp:9847:38
interpolate,cxx_default_on_emitted_cpp,5eb72c8d,1,6,cxx_post_inc_to_post_dec,interpolate.halide_generated.cpp,9160,110,generator_specific,0,0,0,,,,0,3.270,cxx_post_inc_to_post_dec:/mnt/scratch1/ardi/dsl_mut/HM-armc/mutation/lowered-cpp/interpolate/interpolate.halide_generated.cpp:9160:110
interpolate,cxx_default_on_emitted_cpp,5eb72c8d,1,6,cxx_mul_to_div,interpolate.halide_generated.cpp,4003,26,generator_specific,0,0,1,,,test2_golden,0,3.800,cxx_mul_to_div:/mnt/scratch1/ardi/dsl_mut/HM-armc/mutation/lowered-cpp/interpolate/interpolate.halide_generated.cpp:4003:26
interpolate,cxx_default_on_emitted_cpp,5eb72c8d,1,6,cxx_le_to_gt,interpolate.halide_generated.cpp,10919,22,generator_specific,-6,1,1,,,test1_demo;test2_golden,0,0.273,cxx_le_to_gt:/mnt/scratch1/ardi/dsl_mut/HM-armc/mutation/lowered-cpp/interpolate/interpolate.halide_generated.cpp:10919:22
interpolate,cxx_default_on_emitted_cpp,5eb72c8d,1,6,cxx_add_to_sub,interpolate.halide_generated.cpp,7037,37,generator_specific,0,0,1,,,test2_golden,0,3.529,cxx_add_to_sub:/mnt/scratch1/ardi/dsl_mut/HM-armc/mutation/lowered-cpp/interpolate/interpolate.halide_generated.cpp:7037:37
interpolate,cxx_default_on_emitted_cpp,5eb72c8d,1,6,cxx_add_to_sub,interpolate.halide_generated.cpp,7048,37,generator_specific,0,0,1,,,test2_golden,0,3.334,cxx_add_to_sub:/mnt/scratch1/ardi/dsl_mut/HM-armc/mutation/lowered-cpp/interpolate/interpolate.halide_generated.cpp:7048:37
interpolate,cxx_default_on_emitted_cpp,5eb72c8d,1,6,cxx_mul_to_div,interpolate.halide_generated.cpp,7772,55,generator_specific,0,0,1,,,test2_golden,0,2.805,cxx_mul_to_div:/mnt/scratch1/ardi/dsl_mut/HM-armc/mutation/lowered-cpp/interpolate/interpolate.halide_generated.cpp:7772:55
interpolate,cxx_default_on_emitted_cpp,5eb72c8d,1,6,cxx_mul_to_div,interpolate.halide_generated.cpp,11334,27,generator_specific,0,0,0,,,,0,3.323,cxx_mul_to_div:/mnt/scratch1/ardi/dsl_mut/HM-armc/mutation/lowered-cpp/interpolate/interpolate.halide_generated.cpp:11334:27
interpolate,cxx_default_on_emitted_cpp,5eb72c8d,1,6,cxx_add_to_sub,interpolate.halide_generated.cpp,4574,25,generator_specific,-11,1,1,,,test1_demo;test2_golden,0,0.321,cxx_add_to_sub:/mnt/scratch1/ardi/dsl_mut/HM-armc/mutation/lowered-cpp/interpolate/interpolate.halide_generated.cpp:4574:25
interpolate,cxx_default_on_emitted_cpp,5eb72c8d,1,6,cxx_gt_to_le,interpolate.halide_generated.cpp,9024,21,generator_specific,0,0,0,,,,0,3.705,cxx_gt_to_le:/mnt/scratch1/ardi/dsl_mut/HM-armc/mutation/lowered-cpp/interpolate/interpolate.halide_generated.cpp:9024:21
interpolate,cxx_default_on_emitted_cpp,5eb72c8d,1,6,cxx_add_to_sub,interpolate.halide_generated.cpp,10484,24,generator_specific,0,0,1,,,test2_golden,0,2.874,cxx_add_to_sub:/mnt/scratch1/ardi/dsl_mut/HM-armc/mutation/lowered-cpp/interpolate/interpolate.halide_generated.cpp:10484:24
interpolate,cxx_default_on_emitted_cpp,5eb72c8d,1,6,cxx_add_to_sub,interpolate.halide_generated.cpp,4308,26,generator_specific,0,0,1,,,test2_golden,0,3.383,cxx_add_to_sub:/mnt/scratch1/ardi/dsl_mut/HM-armc/mutation/lowered-cpp/interpolate/interpolate.halide_generated.cpp:4308:26
interpolate,cxx_default_on_emitted_cpp,5eb72c8d,1,6,cxx_sub_to_add,interpolate.halide_generated.cpp,7727,35,generator_specific,0,0,1,,,test2_golden,0,3.500,cxx_sub_to_add:/mnt/scratch1/ardi/dsl_mut/HM-armc/mutation/lowered-cpp/interpolate/interpolate.halide_generated.cpp:7727:35
interpolate,cxx_default_on_emitted_cpp,5eb72c8d,1,6,cxx_add_to_sub,interpolate.halide_generated.cpp,4729,25,generator_specific,0,0,0,,,,0,3.320,cxx_add_to_sub:/mnt/scratch1/ardi/dsl_mut/HM-armc/mutation/lowered-cpp/interpolate/interpolate.halide_generated.cpp:4729:25
interpolate,cxx_default_on_emitted_cpp,5eb72c8d,1,6,cxx_post_inc_to_post_dec,interpolate.halide_generated.cpp,7052,110,generator_specific,-11,1,1,,,test1_demo;test2_golden,0,0.424,cxx_post_inc_to_post_dec:/mnt/scratch1/ardi/dsl_mut/HM-armc/mutation/lowered-cpp/interpolate/interpolate.halide_generated.cpp:7052:110
interpolate,cxx_default_on_emitted_cpp,5eb72c8d,1,6,cxx_add_to_sub,interpolate.halide_generated.cpp,8246,36,generator_specific,0,0,0,,,,0,3.308,cxx_add_to_sub:/mnt/scratch1/ardi/dsl_mut/HM-armc/mutation/lowered-cpp/interpolate/interpolate.halide_generated.cpp:8246:36
interpolate,cxx_default_on_emitted_cpp,5eb72c8d,1,6,cxx_add_to_sub,interpolate.halide_generated.cpp,11115,26,generator_specific,0,0,0,,,,0,3.727,cxx_add_to_sub:/mnt/scratch1/ardi/dsl_mut/HM-armc/mutation/lowered-cpp/interpolate/interpolate.halide_generated.cpp:11115:26
interpolate,cxx_default_on_emitted_cpp,5eb72c8d,1,6,cxx_mul_to_div,interpolate.halide_generated.cpp,4713,42,generator_specific,0,0,1,,,test2_golden,0,3.338,cxx_mul_to_div:/mnt/scratch1/ardi/dsl_mut/HM-armc/mutation/lowered-cpp/interpolate/interpolate.halide_generated.cpp:4713:42
interpolate,cxx_default_on_emitted_cpp,5eb72c8d,1,6,cxx_add_to_sub,interpolate.halide_generated.cpp,7837,60,generator_specific,-11,1,1,,,test1_demo;test2_golden,0,0.346,cxx_add_to_sub:/mnt/scratch1/ardi/dsl_mut/HM-armc/mutation/lowered-cpp/interpolate/interpolate.halide_generated.cpp:7837:60
interpolate,cxx_default_on_emitted_cpp,5eb72c8d,1,6,cxx_add_to_sub,interpolate.halide_generated.cpp,6524,37,generator_specific,0,0,0,,,,0,3.822,cxx_add_to_sub:/mnt/scratch1/ardi/dsl_mut/HM-armc/mutation/lowered-cpp/interpolate/interpolate.halide_generated.cpp:6524:37
interpolate,cxx_default_on_emitted_cpp,5eb72c8d,1,6,cxx_replace_scalar_call,interpolate.halide_generated.cpp,11023,19,generator_specific,0,0,0,,,,0,4.012,cxx_replace_scalar_call:/mnt/scratch1/ardi/dsl_mut/HM-armc/mutation/lowered-cpp/interpolate/interpolate.halide_generated.cpp:11023:19
interpolate,cxx_default_on_emitted_cpp,5eb72c8d,1,6,cxx_add_to_sub,interpolate.halide_generated.cpp,5150,66,generator_specific,0,0,0,,,,0,3.882,cxx_add_to_sub:/mnt/scratch1/ardi/dsl_mut/HM-armc/mutation/lowered-cpp/interpolate/interpolate.halide_generated.cpp:5150:66
interpolate,cxx_default_on_emitted_cpp,5eb72c8d,1,6,cxx_add_to_sub,interpolate.halide_generated.cpp,4967,29,generator_specific,0,0,1,,,test2_golden,0,2.980,cxx_add_to_sub:/mnt/scratch1/ardi/dsl_mut/HM-armc/mutation/lowered-cpp/interpolate/interpolate.halide_generated.cpp:4967:29
interpolate,cxx_default_on_emitted_cpp,5eb72c8d,1,6,cxx_add_to_sub,interpolate.halide_generated.cpp,8288,36,generator_specific,0,0,0,,,,0,2.900,cxx_add_to_sub:/mnt/scratch1/ardi/dsl_mut/HM-armc/mutation/lowered-cpp/interpolate/interpolate.halide_generated.cpp:8288:36
interpolate,cxx_default_on_emitted_cpp,5eb72c8d,1,6,cxx_mul_to_div,interpolate.halide_generated.cpp,7201,36,generator_specific,0,0,1,,,test2_golden,0,2.720,cxx_mul_to_div:/mnt/scratch1/ardi/dsl_mut/HM-armc/mutation/lowered-cpp/interpolate/interpolate.halide_generated.cpp:7201:36
interpolate,cxx_default_on_emitted_cpp,5eb72c8d,1,6,cxx_add_to_sub,interpolate.halide_generated.cpp,10482,24,generator_specific,0,0,0,,,,0,2.978,cxx_add_to_sub:/mnt/scratch1/ardi/dsl_mut/HM-armc/mutation/lowered-cpp/interpolate/interpolate.halide_generated.cpp:10482:24
interpolate,cxx_default_on_emitted_cpp,5eb72c8d,1,6,cxx_add_to_sub,interpolate.halide_generated.cpp,10118,35,generator_specific,0,0,0,,,,0,3.282,cxx_add_to_sub:/mnt/scratch1/ardi/dsl_mut/HM-armc/mutation/lowered-cpp/interpolate/interpolate.halide_generated.cpp:10118:35
interpolate,cxx_default_on_emitted_cpp,5eb72c8d,1,6,cxx_mul_to_div,interpolate.halide_generated.cpp,9558,35,generator_specific,0,0,1,,,test2_golden,0,3.147,cxx_mul_to_div:/mnt/scratch1/ardi/dsl_mut/HM-armc/mutation/lowered-cpp/interpolate/interpolate.halide_generated.cpp:9558:35
interpolate,cxx_default_on_emitted_cpp,5eb72c8d,1,6,cxx_add_to_sub,interpolate.halide_generated.cpp,10732,26,generator_specific,0,0,1,,,test2_golden,0,3.193,cxx_add_to_sub:/mnt/scratch1/ardi/dsl_mut/HM-armc/mutation/lowered-cpp/interpolate/interpolate.halide_generated.cpp:10732:26
interpolate,cxx_default_on_emitted_cpp,5eb72c8d,1,6,cxx_lt_to_ge,interpolate.halide_generated.cpp,5076,64,generator_specific,0,0,1,,,test2_golden,0,2.693,cxx_lt_to_ge:/mnt/scratch1/ardi/dsl_mut/HM-armc/mutation/lowered-cpp/interpolate/interpolate.halide_generated.cpp:5076:64
interpolate,cxx_default_on_emitted_cpp,5eb72c8d,1,6,cxx_add_to_sub,interpolate.halide_generated.cpp,7985,37,generator_specific,0,0,0,,,,0,3.199,cxx_add_to_sub:/mnt/scratch1/ardi/dsl_mut/HM-armc/mutation/lowered-cpp/interpolate/interpolate.halide_generated.cpp:7985:37
interpolate,cxx_default_on_emitted_cpp,5eb72c8d,1,6,cxx_add_to_sub,interpolate.halide_generated.cpp,10499,24,generator_specific,0,0,0,,,,0,2.931,cxx_add_to_sub:/mnt/scratch1/ardi/dsl_mut/HM-armc/mutation/lowered-cpp/interpolate/interpolate.halide_generated.cpp:10499:24
interpolate,cxx_default_on_emitted_cpp,5eb72c8d,1,6,cxx_div_to_mul,interpolate.halide_generated.cpp,8830,35,generator_specific,0,0,0,,,,0,3.089,cxx_div_to_mul:/mnt/scratch1/ardi/dsl_mut/HM-armc/mutation/lowered-cpp/interpolate/interpolate.halide_generated.cpp:8830:35
interpolate,cxx_default_on_emitted_cpp,5eb72c8d,1,6,cxx_replace_scalar_call,interpolate.halide_generated.cpp,10478,18,generator_specific,0,0,1,,,test2_golden,0,2.880,cxx_replace_scalar_call:/mnt/scratch1/ardi/dsl_mut/HM-armc/mutation/lowered-cpp/interpolate/interpolate.halide_generated.cpp:10478:18
interpolate,cxx_default_on_emitted_cpp,5eb72c8d,1,6,cxx_sub_to_add,interpolate.halide_generated.cpp,6643,35,generator_specific,-11,1,1,,,test1_demo;test2_golden,0,0.293,cxx_sub_to_add:/mnt/scratch1/ardi/dsl_mut/HM-armc/mutation/lowered-cpp/interpolate/interpolate.halide_generated.cpp:6643:35
interpolate,cxx_default_on_emitted_cpp,5eb72c8d,1,6,cxx_add_to_sub,interpolate.halide_generated.cpp,4144,24,generator_specific,0,0,1,,,test2_golden,0,3.375,cxx_add_to_sub:/mnt/scratch1/ardi/dsl_mut/HM-armc/mutation/lowered-cpp/interpolate/interpolate.halide_generated.cpp:4144:24
interpolate,cxx_default_on_emitted_cpp,5eb72c8d,1,6,cxx_mul_to_div,interpolate.halide_generated.cpp,6356,78,generator_specific,-6,1,1,,,test1_demo;test2_golden,0,0.284,cxx_mul_to_div:/mnt/scratch1/ardi/dsl_mut/HM-armc/mutation/lowered-cpp/interpolate/interpolate.halide_generated.cpp:6356:78
interpolate,cxx_default_on_emitted_cpp,5eb72c8d,1,6,cxx_add_to_sub,interpolate.halide_generated.cpp,12027,34,generator_specific,0,0,0,,,,0,3.052,cxx_add_to_sub:/mnt/scratch1/ardi/dsl_mut/HM-armc/mutation/lowered-cpp/interpolate/interpolate.halide_generated.cpp:12027:34
interpolate,cxx_default_on_emitted_cpp,5eb72c8d,1,6,cxx_add_to_sub,interpolate.halide_generated.cpp,7320,38,generator_specific,0,0,0,,,,0,3.094,cxx_add_to_sub:/mnt/scratch1/ardi/dsl_mut/HM-armc/mutation/lowered-cpp/interpolate/interpolate.halide_generated.cpp:7320:38
interpolate,cxx_default_on_emitted_cpp,5eb72c8d,1,6,cxx_sub_to_add,interpolate.halide_generated.cpp,9594,37,generator_specific,0,0,0,,,,0,3.075,cxx_sub_to_add:/mnt/scratch1/ardi/dsl_mut/HM-armc/mutation/lowered-cpp/interpolate/interpolate.halide_generated.cpp:9594:37
interpolate,cxx_default_on_emitted_cpp,5eb72c8d,1,6,cxx_add_to_sub,interpolate.halide_generated.cpp,4948,66,generator_specific,0,0,0,,,,0,3.275,cxx_add_to_sub:/mnt/scratch1/ardi/dsl_mut/HM-armc/mutation/lowered-cpp/interpolate/interpolate.halide_generated.cpp:4948:66
interpolate,cxx_default_on_emitted_cpp,5eb72c8d,1,6,cxx_add_to_sub,interpolate.halide_generated.cpp,10067,38,generator_specific,0,0,0,,,,0,3.667,cxx_add_to_sub:/mnt/scratch1/ardi/dsl_mut/HM-armc/mutation/lowered-cpp/interpolate/interpolate.halide_generated.cpp:10067:38
interpolate,cxx_default_on_emitted_cpp,5eb72c8d,1,6,cxx_sub_to_add,interpolate.halide_generated.cpp,9820,37,generator_specific,0,0,0,,,,0,3.218,cxx_sub_to_add:/mnt/scratch1/ardi/dsl_mut/HM-armc/mutation/lowered-cpp/interpolate/interpolate.halide_generated.cpp:9820:37
interpolate,cxx_default_on_emitted_cpp,5eb72c8d,1,6,cxx_mul_to_div,interpolate.halide_generated.cpp,10268,35,generator_specific,0,0,0,,,,0,3.208,cxx_mul_to_div:/mnt/scratch1/ardi/dsl_mut/HM-armc/mutation/lowered-cpp/interpolate/interpolate.halide_generated.cpp:10268:35
interpolate,cxx_default_on_emitted_cpp,5eb72c8d,1,6,cxx_add_to_sub,interpolate.halide_generated.cpp,3781,26,generator_specific,0,0,1,,,test2_golden,0,3.316,cxx_add_to_sub:/mnt/scratch1/ardi/dsl_mut/HM-armc/mutation/lowered-cpp/interpolate/interpolate.halide_generated.cpp:3781:26
interpolate,cxx_default_on_emitted_cpp,5eb72c8d,1,6,cxx_add_to_sub,interpolate.halide_generated.cpp,4844,23,generator_specific,0,0,1,,,test2_golden,0,3.177,cxx_add_to_sub:/mnt/scratch1/ardi/dsl_mut/HM-armc/mutation/lowered-cpp/interpolate/interpolate.halide_generated.cpp:4844:23
interpolate,cxx_default_on_emitted_cpp,5eb72c8d,1,6,cxx_add_to_sub,interpolate.halide_generated.cpp,4947,25,generator_specific,0,0,0,,,,0,2.968,cxx_add_to_sub:/mnt/scratch1/ardi/dsl_mut/HM-armc/mutation/lowered-cpp/interpolate/interpolate.halide_generated.cpp:4947:25
interpolate,cxx_default_on_emitted_cpp,5eb72c8d,1,6,cxx_sub_to_add,interpolate.halide_generated.cpp,3687,21,generator_specific,0,0,0,,,,0,3.479,cxx_sub_to_add:/mnt/scratch1/ardi/dsl_mut/HM-armc/mutation/lowered-cpp/interpolate/interpolate.halide_generated.cpp:3687:21
interpolate,cxx_default_on_emitted_cpp,5eb72c8d,1,6,cxx_mul_to_div,interpolate.halide_generated.cpp,8131,35,generator_specific,0,0,0,,,,0,3.035,cxx_mul_to_div:/mnt/scratch1/ardi/dsl_mut/HM-armc/mutation/lowered-cpp/interpolate/interpolate.halide_generated.cpp:8131:35
interpolate,cxx_default_on_emitted_cpp,5eb72c8d,1,6,cxx_add_to_sub,interpolate.halide_generated.cpp,7484,79,generator_specific,0,0,0,,,,0,3.020,cxx_add_to_sub:/mnt/scratch1/ardi/dsl_mut/HM-armc/mutation/lowered-cpp/interpolate/interpolate.halide_generated.cpp:7484:79
interpolate,cxx_default_on_emitted_cpp,5eb72c8d,1,6,cxx_add_to_sub,interpolate.halide_generated.cpp,8608,36,generator_specific,0,0,0,,,,0,3.375,cxx_add_to_sub:/mnt/scratch1/ardi/dsl_mut/HM-armc/mutation/lowered-cpp/interpolate/interpolate.halide_generated.cpp:8608:36
interpolate,cxx_default_on_emitted_cpp,5eb72c8d,1,6,cxx_sub_to_add,interpolate.halide_generated.cpp,11090,26,generator_specific,0,0,0,,,,0,3.482,cxx_sub_to_add:/mnt/scratch1/ardi/dsl_mut/HM-armc/mutation/lowered-cpp/interpolate/interpolate.halide_generated.cpp:11090:26
interpolate,cxx_default_on_emitted_cpp,5eb72c8d,1,6,cxx_add_to_sub,interpolate.halide_generated.cpp,9901,35,generator_specific,0,0,0,,,,0,3.174,cxx_add_to_sub:/mnt/scratch1/ardi/dsl_mut/HM-armc/mutation/lowered-cpp/interpolate/interpolate.halide_generated.cpp:9901:35
interpolate,cxx_default_on_emitted_cpp,5eb72c8d,1,6,cxx_add_to_sub,interpolate.halide_generated.cpp,7333,38,generator_specific,0,0,0,,,,0,3.092,cxx_add_to_sub:/mnt/scratch1/ardi/dsl_mut/HM-armc/mutation/lowered-cpp/interpolate/interpolate.halide_generated.cpp:7333:38
interpolate,cxx_default_on_emitted_cpp,5eb72c8d,1,6,cxx_add_to_sub,interpolate.halide_generated.cpp,7723,35,generator_specific,0,0,1,,,test2_golden,0,3.213,cxx_add_to_sub:/mnt/scratch1/ardi/dsl_mut/HM-armc/mutation/lowered-cpp/interpolate/interpolate.halide_generated.cpp:7723:35
interpolate,cxx_default_on_emitted_cpp,5eb72c8d,1,6,cxx_lt_to_le,interpolate.halide_generated.cpp,4665,57,generator_specific,-11,1,1,,,test1_demo;test2_golden,0,0.297,cxx_lt_to_le:/mnt/scratch1/ardi/dsl_mut/HM-armc/mutation/lowered-cpp/interpolate/interpolate.halide_generated.cpp:4665:57
interpolate,cxx_default_on_emitted_cpp,5eb72c8d,1,6,cxx_mul_to_div,interpolate.halide_generated.cpp,4156,63,generator_specific,0,0,1,,,test2_golden,0,3.491,cxx_mul_to_div:/mnt/scratch1/ardi/dsl_mut/HM-armc/mutation/lowered-cpp/interpolate/interpolate.halide_generated.cpp:4156:63
interpolate,cxx_default_on_emitted_cpp,5eb72c8d,1,6,cxx_add_to_sub,interpolate.halide_generated.cpp,10148,36,generator_specific,0,0,0,,,,0,2.886,cxx_add_to_sub:/mnt/scratch1/ardi/dsl_mut/HM-armc/mutation/lowered-cpp/interpolate/interpolate.halide_generated.cpp:10148:36
interpolate,cxx_default_on_emitted_cpp,5eb72c8d,1,6,cxx_sub_to_add,interpolate.halide_generated.cpp,6755,37,generator_specific,0,0,1,,,test2_golden,0,2.994,cxx_sub_to_add:/mnt/scratch1/ardi/dsl_mut/HM-armc/mutation/lowered-cpp/interpolate/interpolate.halide_generated.cpp:6755:37
interpolate,cxx_default_on_emitted_cpp,5eb72c8d,1,6,cxx_gt_to_ge,interpolate.halide_generated.cpp,11065,15,generator_specific,0,0,0,,,,0,3.270,cxx_gt_to_ge:/mnt/scratch1/ardi/dsl_mut/HM-armc/mutation/lowered-cpp/interpolate/interpolate.halide_generated.cpp:11065:15
interpolate,cxx_default_on_emitted_cpp,5eb72c8d,1,6,cxx_post_inc_to_post_dec,interpolate.halide_generated.cpp,6832,98,generator_specific,-11,1,1,,,test1_demo;test2_golden,0,0.360,cxx_post_inc_to_post_dec:/mnt/scratch1/ardi/dsl_mut/HM-armc/mutation/lowered-cpp/interpolate/interpolate.halide_generated.cpp:6832:98
interpolate,cxx_default_on_emitted_cpp,5eb72c8d,1,6,cxx_add_to_sub,interpolate.halide_generated.cpp,4536,25,generator_specific,0,0,0,,,,0,3.473,cxx_add_to_sub:/mnt/scratch1/ardi/dsl_mut/HM-armc/mutation/lowered-cpp/interpolate/interpolate.halide_generated.cpp:4536:25
interpolate,cxx_default_on_emitted_cpp,5eb72c8d,1,6,cxx_post_inc_to_post_dec,interpolate.halide_generated.cpp,7913,127,generator_specific,-11,1,1,,,test1_demo;test2_golden,0,0.364,cxx_post_inc_to_post_dec:/mnt/scratch1/ardi/dsl_mut/HM-armc/mutation/lowered-cpp/interpolate/interpolate.halide_generated.cpp:7913:127
interpolate,cxx_default_on_emitted_cpp,5eb72c8d,1,6,cxx_mul_to_div,interpolate.halide_generated.cpp,4739,24,generator_specific,0,0,0,,,,0,3.199,cxx_mul_to_div:/mnt/scratch1/ardi/dsl_mut/HM-armc/mutation/lowered-cpp/interpolate/interpolate.halide_generated.cpp:4739:24
interpolate,cxx_default_on_emitted_cpp,5eb72c8d,1,6,cxx_mul_to_div,interpolate.halide_generated.cpp,9785,35,generator_specific,0,0,0,,,,0,3.385,cxx_mul_to_div:/mnt/scratch1/ardi/dsl_mut/HM-armc/mutation/lowered-cpp/interpolate/interpolate.halide_generated.cpp:9785:35
interpolate,cxx_default_on_emitted_cpp,5eb72c8d,1,6,cxx_remove_void_call,interpolate.halide_generated.cpp,9771,16,generator_specific,0,0,0,,,,0,3.578,cxx_remove_void_call:/mnt/scratch1/ardi/dsl_mut/HM-armc/mutation/lowered-cpp/interpolate/interpolate.halide_generated.cpp:9771:16
interpolate,cxx_default_on_emitted_cpp,5eb72c8d,1,6,cxx_sub_to_add,interpolate.halide_generated.cpp,9480,37,generator_specific,0,0,1,,,test2_golden,0,2.784,cxx_sub_to_add:/mnt/scratch1/ardi/dsl_mut/HM-armc/mutation/lowered-cpp/interpolate/interpolate.halide_generated.cpp:9480:37
interpolate,cxx_default_on_emitted_cpp,5eb72c8d,1,6,cxx_lt_to_ge,interpolate.halide_generated.cpp,9584,86,generator_specific,0,0,0,,,,0,3.580,cxx_lt_to_ge:/mnt/scratch1/ardi/dsl_mut/HM-armc/mutation/lowered-cpp/interpolate/interpolate.halide_generated.cpp:9584:86
interpolate,cxx_default_on_emitted_cpp,5eb72c8d,1,6,cxx_add_to_sub,interpolate.halide_generated.cpp,9822,37,generator_specific,0,0,0,,,,0,2.843,cxx_add_to_sub:/mnt/scratch1/ardi/dsl_mut/HM-armc/mutation/lowered-cpp/interpolate/interpolate.halide_generated.cpp:9822:37
interpolate,cxx_default_on_emitted_cpp,5eb72c8d,1,6,cxx_mul_to_div,interpolate.halide_generated.cpp,4660,23,generator_specific,0,0,1,,,test2_golden,0,2.966,cxx_mul_to_div:/mnt/scratch1/ardi/dsl_mut/HM-armc/mutation/lowered-cpp/interpolate/interpolate.halide_generated.cpp:4660:23
interpolate,cxx_default_on_emitted_cpp,5eb72c8d,1,6,cxx_add_to_sub,interpolate.halide_generated.cpp,8144,35,generator_specific,0,0,0,,,,0,2.911,cxx_add_to_sub:/mnt/scratch1/ardi/dsl_mut/HM-armc/mutation/lowered-cpp/interpolate/interpolate.halide_generated.cpp:8144:35
interpolate,cxx_default_on_emitted_cpp,5eb72c8d,1,6,cxx_add_to_sub,interpolate.halide_generated.cpp,10227,36,generator_specific,0,0,0,,,,0,2.780,cxx_add_to_sub:/mnt/scratch1/ardi/dsl_mut/HM-armc/mutation/lowered-cpp/interpolate/interpolate.halide_generated.cpp:10227:36
interpolate,cxx_default_on_emitted_cpp,5eb72c8d,1,6,cxx_mul_to_div,interpolate.halide_generated.cpp,6259,56,generator_specific,0,0,0,,,,0,3.940,cxx_mul_to_div:/mnt/scratch1/ardi/dsl_mut/HM-armc/mutation/lowered-cpp/interpolate/interpolate.halide_generated.cpp:6259:56
interpolate,cxx_default_on_emitted_cpp,5eb72c8d,1,6,cxx_add_to_sub,interpolate.halide_generated.cpp,6439,34,generator_specific,0,0,0,,,,0,3.532,cxx_add_to_sub:/mnt/scratch1/ardi/dsl_mut/HM-armc/mutation/lowered-cpp/interpolate/interpolate.halide_generated.cpp:6439:34
interpolate,cxx_default_on_emitted_cpp,5eb72c8d,1,6,cxx_add_to_sub,interpolate.halide_generated.cpp,7466,37,generator_specific,0,0,1,,,test2_golden,0,2.787,cxx_add_to_sub:/mnt/scratch1/ardi/dsl_mut/HM-armc/mutation/lowered-cpp/interpolate/interpolate.halide_generated.cpp:7466:37
interpolate,cxx_default_on_emitted_cpp,5eb72c8d,1,6,cxx_mul_to_div,interpolate.halide_generated.cpp,7563,51,generator_specific,0,0,1,,,test2_golden,0,3.089,cxx_mul_to_div:/mnt/scratch1/ardi/dsl_mut/HM-armc/mutation/lowered-cpp/interpolate/interpolate.halide_generated.cpp:7563:51
interpolate,cxx_default_on_emitted_cpp,5eb72c8d,1,6,cxx_add_to_sub,interpolate.halide_generated.cpp,6741,38,generator_specific,0,0,1,,,test2_golden,0,3.671,cxx_add_to_sub:/mnt/scratch1/ardi/dsl_mut/HM-armc/mutation/lowered-cpp/interpolate/interpolate.halide_generated.cpp:6741:38
interpolate,cxx_default_on_emitted_cpp,5eb72c8d,1,6,cxx_add_to_sub,interpolate.halide_generated.cpp,7808,37,generator_specific,0,0,1,,,test2_golden,0,2.906,cxx_add_to_sub:/mnt/scratch1/ardi/dsl_mut/HM-armc/mutation/lowered-cpp/interpolate/interpolate.halide_generated.cpp:7808:37
interpolate,cxx_default_on_emitted_cpp,5eb72c8d,1,6,cxx_add_to_sub,interpolate.halide_generated.cpp,9759,38,generator_specific,0,0,0,,,,0,3.500,cxx_add_to_sub:/mnt/scratch1/ardi/dsl_mut/HM-armc/mutation/lowered-cpp/interpolate/interpolate.halide_generated.cpp:9759:38
interpolate,cxx_default_on_emitted_cpp,5eb72c8d,1,6,cxx_mul_to_div,interpolate.halide_generated.cpp,10350,35,generator_specific,0,0,0,,,,0,3.828,cxx_mul_to_div:/mnt/scratch1/ardi/dsl_mut/HM-armc/mutation/lowered-cpp/interpolate/interpolate.halide_generated.cpp:10350:35
interpolate,cxx_default_on_emitted_cpp,5eb72c8d,1,6,cxx_mul_to_div,interpolate.halide_generated.cpp,3992,26,generator_specific,0,0,1,,,test2_golden,0,3.437,cxx_mul_to_div:/mnt/scratch1/ardi/dsl_mut/HM-armc/mutation/lowered-cpp/interpolate/interpolate.halide_generated.cpp:3992:26
interpolate,cxx_default_on_emitted_cpp,5eb72c8d,1,6,cxx_add_to_sub,interpolate.halide_generated.cpp,7480,37,generator_specific,0,0,0,,,,0,3.476,cxx_add_to_sub:/mnt/scratch1/ardi/dsl_mut/HM-armc/mutation/lowered-cpp/interpolate/interpolate.halide_generated.cpp:7480:37
interpolate,cxx_default_on_emitted_cpp,5eb72c8d,1,6,cxx_mul_to_div,interpolate.halide_generated.cpp,10486,24,generator_specific,0,0,1,,,test2_golden,0,2.793,cxx_mul_to_div:/mnt/scratch1/ardi/dsl_mut/HM-armc/mutation/lowered-cpp/interpolate/interpolate.halide_generated.cpp:10486:24
interpolate,cxx_default_on_emitted_cpp,5eb72c8d,1,6,cxx_mul_to_div,interpolate.halide_generated.cpp,7910,51,generator_specific,0,0,1,,,test2_golden,0,3.274,cxx_mul_to_div:/mnt/scratch1/ardi/dsl_mut/HM-armc/mutation/lowered-cpp/interpolate/interpolate.halide_generated.cpp:7910:51
interpolate,cxx_default_on_emitted_cpp,5eb72c8d,1,6,cxx_add_to_sub,interpolate.halide_generated.cpp,8583,36,generator_specific,0,0,0,,,,0,2.882,cxx_add_to_sub:/mnt/scratch1/ardi/dsl_mut/HM-armc/mutation/lowered-cpp/interpolate/interpolate.halide_generated.cpp:8583:36
interpolate,cxx_default_on_emitted_cpp,5eb72c8d,1,6,cxx_sub_to_add,interpolate.halide_generated.cpp,9899,35,generator_specific,0,0,0,,,,0,3.067,cxx_sub_to_add:/mnt/scratch1/ardi/dsl_mut/HM-armc/mutation/lowered-cpp/interpolate/interpolate.halide_generated.cpp:9899:35
interpolate,cxx_default_on_emitted_cpp,5eb72c8d,1,6,cxx_mul_to_div,interpolate.halide_generated.cpp,5305,26,generator_specific,0,0,1,,,test2_golden,0,3.172,cxx_mul_to_div:/mnt/scratch1/ardi/dsl_mut/HM-armc/mutation/lowered-cpp/interpolate/interpolate.halide_generated.cpp:5305:26
interpolate,cxx_default_on_emitted_cpp,5eb72c8d,1,6,cxx_add_to_sub,interpolate.halide_generated.cpp,4106,26,generator_specific,0,0,0,,,,0,3.067,cxx_add_to_sub:/mnt/scratch1/ardi/dsl_mut/HM-armc/mutation/lowered-cpp/interpolate/interpolate.halide_generated.cpp:4106:26
interpolate,cxx_default_on_emitted_cpp,5eb72c8d,1,6,cxx_add_to_sub,interpolate.halide_generated.cpp,7065,38,generator_specific,0,0,1,,,test2_golden,0,3.366,cxx_add_to_sub:/mnt/scratch1/ardi/dsl_mut/HM-armc/mutation/lowered-cpp/interpolate/interpolate.halide_generated.cpp:7065:38
interpolate,cxx_default_on_emitted_cpp,5eb72c8d,1,6,cxx_add_to_sub,interpolate.halide_generated.cpp,10086,37,generator_specific,0,0,0,,,,0,3.170,cxx_add_to_sub:/mnt/scratch1/ardi/dsl_mut/HM-armc/mutation/lowered-cpp/interpolate/interpolate.halide_generated.cpp:10086:37
interpolate,cxx_default_on_emitted_cpp,5eb72c8d,1,6,cxx_le_to_lt,interpolate.halide_generated.cpp,10760,18,generator_specific,0,0,0,,,,0,3.112,cxx_le_to_lt:/mnt/scratch1/ardi/dsl_mut/HM-armc/mutation/lowered-cpp/interpolate/interpolate.halide_generated.cpp:10760:18
interpolate,cxx_default_on_emitted_cpp,5eb72c8d,1,6,cxx_mul_to_div,interpolate.halide_generated.cpp,8566,35,generator_specific,0,0,0,,,,0,3.093,cxx_mul_to_div:/mnt/scratch1/ardi/dsl_mut/HM-armc/mutation/lowered-cpp/interpolate/interpolate.halide_generated.cpp:8566:35
interpolate,cxx_default_on_emitted_cpp,5eb72c8d,1,6,cxx_add_to_sub,interpolate.halide_generated.cpp,7692,38,generator_specific,0,0,0,,,,0,2.888,cxx_add_to_sub:/mnt/scratch1/ardi/dsl_mut/HM-armc/mutation/lowered-cpp/interpolate/interpolate.halide_generated.cpp:7692:38
interpolate,cxx_default_on_emitted_cpp,5eb72c8d,1,6,cxx_mul_to_div,interpolate.halide_generated.cpp,4868,25,generator_specific,0,0,1,,,test2_golden,0,2.901,cxx_mul_to_div:/mnt/scratch1/ardi/dsl_mut/HM-armc/mutation/lowered-cpp/interpolate/interpolate.halide_generated.cpp:4868:25
interpolate,cxx_default_on_emitted_cpp,5eb72c8d,1,6,cxx_add_to_sub,interpolate.halide_generated.cpp,7135,38,generator_specific,0,0,0,,,,0,3.161,cxx_add_to_sub:/mnt/scratch1/ardi/dsl_mut/HM-armc/mutation/lowered-cpp/interpolate/interpolate.halide_generated.cpp:7135:38
interpolate,cxx_default_on_emitted_cpp,5eb72c8d,1,6,cxx_add_to_sub,interpolate.halide_generated.cpp,8409,35,generator_specific,0,0,1,,,test2_golden,0,3.292,cxx_add_to_sub:/mnt/scratch1/ardi/dsl_mut/HM-armc/mutation/lowered-cpp/interpolate/interpolate.halide_generated.cpp:8409:35
interpolate,cxx_default_on_emitted_cpp,5eb72c8d,1,6,cxx_mul_to_div,interpolate.halide_generated.cpp,7813,37,generator_specific,0,0,1,,,test2_golden,0,3.096,cxx_mul_to_div:/mnt/scratch1/ardi/dsl_mut/HM-armc/mutation/lowered-cpp/interpolate/interpolate.halide_generated.cpp:7813:37
interpolate,cxx_default_on_emitted_cpp,5eb72c8d,1,6,cxx_mul_to_div,interpolate.halide_generated.cpp,3960,25,generator_specific,-8,1,1,,,test1_demo;test2_golden,0,0.247,cxx_mul_to_div:/mnt/scratch1/ardi/dsl_mut/HM-armc/mutation/lowered-cpp/interpolate/interpolate.halide_generated.cpp:3960:25
interpolate,cxx_default_on_emitted_cpp,5eb72c8d,1,6,cxx_add_to_sub,interpolate.halide_generated.cpp,5120,27,generator_specific,0,0,1,,,test2_golden,0,2.951,cxx_add_to_sub:/mnt/scratch1/ardi/dsl_mut/HM-armc/mutation/lowered-cpp/interpolate/interpolate.halide_generated.cpp:5120:27
interpolate,cxx_default_on_emitted_cpp,5eb72c8d,1,6,cxx_gt_to_ge,interpolate.halide_generated.cpp,6401,35,generator_specific,0,0,0,,,,0,3.194,cxx_gt_to_ge:/mnt/scratch1/ardi/dsl_mut/HM-armc/mutation/lowered-cpp/interpolate/interpolate.halide_generated.cpp:6401:35
interpolate,cxx_default_on_emitted_cpp,5eb72c8d,1,6,cxx_replace_scalar_call,interpolate.halide_generated.cpp,10741,20,generator_specific,0,0,0,,,,0,3.205,cxx_replace_scalar_call:/mnt/scratch1/ardi/dsl_mut/HM-armc/mutation/lowered-cpp/interpolate/interpolate.halide_generated.cpp:10741:20
interpolate,cxx_default_on_emitted_cpp,5eb72c8d,1,6,cxx_add_to_sub,interpolate.halide_generated.cpp,7592,79,generator_specific,0,0,1,,,test2_golden,0,3.356,cxx_add_to_sub:/mnt/scratch1/ardi/dsl_mut/HM-armc/mutation/lowered-cpp/interpolate/interpolate.halide_generated.cpp:7592:79
interpolate,cxx_default_on_emitted_cpp,5eb72c8d,1,6,cxx_add_to_sub,interpolate.halide_generated.cpp,8816,35,generator_specific,0,0,0,,,,0,3.126,cxx_add_to_sub:/mnt/scratch1/ardi/dsl_mut/HM-armc/mutation/lowered-cpp/interpolate/interpolate.halide_generated.cpp:8816:35
interpolate,cxx_default_on_emitted_cpp,5eb72c8d,1,6,cxx_add_to_sub,interpolate.halide_generated.cpp,9739,38,generator_specific,0,0,0,,,,0,3.535,cxx_add_to_sub:/mnt/scratch1/ardi/dsl_mut/HM-armc/mutation/lowered-cpp/interpolate/interpolate.halide_generated.cpp:9739:38
interpolate,cxx_default_on_emitted_cpp,5eb72c8d,1,6,cxx_add_to_sub,interpolate.halide_generated.cpp,9675,35,generator_specific,0,0,0,,,,0,2.669,cxx_add_to_sub:/mnt/scratch1/ardi/dsl_mut/HM-armc/mutation/lowered-cpp/interpolate/interpolate.halide_generated.cpp:9675:35
interpolate,cxx_default_on_emitted_cpp,5eb72c8d,1,6,cxx_mul_to_div,interpolate.halide_generated.cpp,8997,77,generator_specific,0,0,0,,,,0,3.321,cxx_mul_to_div:/mnt/scratch1/ardi/dsl_mut/HM-armc/mutation/lowered-cpp/interpolate/interpolate.halide_generated.cpp:8997:77
interpolate,cxx_default_on_emitted_cpp,5eb72c8d,1,6,cxx_replace_scalar_call,interpolate.halide_generated.cpp,11030,19,generator_specific,0,0,0,,,,0,3.158,cxx_replace_scalar_call:/mnt/scratch1/ardi/dsl_mut/HM-armc/mutation/lowered-cpp/interpolate/interpolate.halide_generated.cpp:11030:19
interpolate,cxx_default_on_emitted_cpp,5eb72c8d,1,6,cxx_add_to_sub,interpolate.halide_generated.cpp,9979,38,generator_specific,0,0,0,,,,0,3.566,cxx_add_to_sub:/mnt/scratch1/ardi/dsl_mut/HM-armc/mutation/lowered-cpp/interpolate/interpolate.halide_generated.cpp:9979:38
interpolate,cxx_default_on_emitted_cpp,5eb72c8d,1,6,cxx_add_to_sub,interpolate.halide_generated.cpp,8363,36,generator_specific,0,0,1,,,test2_golden,0,3.159,cxx_add_to_sub:/mnt/scratch1/ardi/dsl_mut/HM-armc/mutation/lowered-cpp/interpolate/interpolate.halide_generated.cpp:8363:36
interpolate,cxx_default_on_emitted_cpp,5eb72c8d,1,6,cxx_lt_to_le,interpolate.halide_generated.cpp,7167,28,generator_specific,0,0,0,,,,0,2.806,cxx_lt_to_le:/mnt/scratch1/ardi/dsl_mut/HM-armc/mutation/lowered-cpp/interpolate/interpolate.halide_generated.cpp:7167:28
interpolate,cxx_default_on_emitted_cpp,5eb72c8d,1,6,cxx_mul_to_div,interpolate.halide_generated.cpp,9765,37,generator_specific,0,0,0,,,,0,3.259,cxx_mul_to_div:/mnt/scratch1/ardi/dsl_mut/HM-armc/mutation/lowered-cpp/interpolate/interpolate.halide_generated.cpp:9765:37
interpolate,cxx_default_on_emitted_cpp,5eb72c8d,1,6,cxx_mul_to_div,interpolate.halide_generated.cpp,8054,35,generator_specific,0,0,0,,,,0,3.325,cxx_mul_to_div:/mnt/scratch1/ardi/dsl_mut/HM-armc/mutation/lowered-cpp/interpolate/interpolate.halide_generated.cpp:8054:35
interpolate,cxx_default_on_emitted_cpp,5eb72c8d,1,6,cxx_add_to_sub,interpolate.halide_generated.cpp,9709,37,generator_specific,0,0,0,,,,0,3.168,cxx_add_to_sub:/mnt/scratch1/ardi/dsl_mut/HM-armc/mutation/lowered-cpp/interpolate/interpolate.halide_generated.cpp:9709:37
interpolate,cxx_default_on_emitted_cpp,5eb72c8d,1,6,cxx_add_to_sub,interpolate.halide_generated.cpp,9262,60,generator_specific,0,0,0,,,,0,3.573,cxx_add_to_sub:/mnt/scratch1/ardi/dsl_mut/HM-armc/mutation/lowered-cpp/interpolate/interpolate.halide_generated.cpp:9262:60
interpolate,cxx_default_on_emitted_cpp,5eb72c8d,1,6,cxx_add_to_sub,interpolate.halide_generated.cpp,8501,36,generator_specific,0,0,1,,,test2_golden,0,3.022,cxx_add_to_sub:/mnt/scratch1/ardi/dsl_mut/HM-armc/mutation/lowered-cpp/interpolate/interpolate.halide_generated.cpp:8501:36
interpolate,cxx_default_on_emitted_cpp,5eb72c8d,1,6,cxx_add_to_sub,interpolate.halide_generated.cpp,6839,36,generator_specific,-11,1,1,,,test1_demo;test2_golden,0,0.350,cxx_add_to_sub:/mnt/scratch1/ardi/dsl_mut/HM-armc/mutation/lowered-cpp/interpolate/interpolate.halide_generated.cpp:6839:36
interpolate,cxx_default_on_emitted_cpp,5eb72c8d,1,6,cxx_add_to_sub,interpolate.halide_generated.cpp,8711,35,generator_specific,0,0,0,,,,0,3.215,cxx_add_to_sub:/mnt/scratch1/ardi/dsl_mut/HM-armc/mutation/lowered-cpp/interpolate/interpolate.halide_generated.cpp:8711:35
interpolate,cxx_default_on_emitted_cpp,5eb72c8d,1,6,cxx_ne_to_eq,interpolate.halide_generated.cpp,9031,33,generator_specific,0,0,0,,,,0,2.911,cxx_ne_to_eq:/mnt/scratch1/ardi/dsl_mut/HM-armc/mutation/lowered-cpp/interpolate/interpolate.halide_generated.cpp:9031:33
interpolate,cxx_default_on_emitted_cpp,5eb72c8d,1,6,cxx_add_to_sub,interpolate.halide_generated.cpp,7935,38,generator_specific,0,0,1,,,test2_golden,0,2.874,cxx_add_to_sub:/mnt/scratch1/ardi/dsl_mut/HM-armc/mutation/lowered-cpp/interpolate/interpolate.halide_generated.cpp:7935:38
interpolate,cxx_default_on_emitted_cpp,5eb72c8d,1,6,cxx_add_to_sub,interpolate.halide_generated.cpp,5567,26,generator_specific,0,0,0,,,,0,2.851,cxx_add_to_sub:/mnt/scratch1/ardi/dsl_mut/HM-armc/mutation/lowered-cpp/interpolate/interpolate.halide_generated.cpp:5567:26
interpolate,cxx_default_on_emitted_cpp,5eb72c8d,1,6,cxx_mul_to_div,interpolate.halide_generated.cpp,8352,36,generator_specific,0,0,1,,,test2_golden,0,3.249,cxx_mul_to_div:/mnt/scratch1/ardi/dsl_mut/HM-armc/mutation/lowered-cpp/interpolate/interpolate.halide_generated.cpp:8352:36
interpolate,cxx_default_on_emitted_cpp,5eb72c8d,1,6,cxx_add_to_sub,interpolate.halide_generated.cpp,8253,36,generator_specific,0,0,1,,,test2_golden,0,3.023,cxx_add_to_sub:/mnt/scratch1/ardi/dsl_mut/HM-armc/mutation/lowered-cpp/interpolate/interpolate.halide_generated.cpp:8253:36
interpolate,cxx_default_on_emitted_cpp,5eb72c8d,1,6,cxx_remove_void_call,interpolate.halide_generated.cpp,6054,2,generator_specific,0,0,0,,,,0,2.868,cxx_remove_void_call:/mnt/scratch1/ardi/dsl_mut/HM-armc/mutation/lowered-cpp/interpolate/interpolate.halide_generated.cpp:6054:2
interpolate,cxx_default_on_emitted_cpp,5eb72c8d,1,6,cxx_mul_to_div,interpolate.halide_generated.cpp,8000,38,generator_specific,0,0,1,,,test2_golden,0,3.349,cxx_mul_to_div:/mnt/scratch1/ardi/dsl_mut/HM-armc/mutation/lowered-cpp/interpolate/interpolate.halide_generated.cpp:8000:38
interpolate,cxx_default_on_emitted_cpp,5eb72c8d,1,6,cxx_add_to_sub,interpolate.halide_generated.cpp,8495,36,generator_specific,0,0,1,,,test2_golden,0,3.577,cxx_add_to_sub:/mnt/scratch1/ardi/dsl_mut/HM-armc/mutation/lowered-cpp/interpolate/interpolate.halide_generated.cpp:8495:36
interpolate,cxx_default_on_emitted_cpp,5eb72c8d,1,6,cxx_mul_to_div,interpolate.halide_generated.cpp,7192,51,generator_specific,0,0,1,,,test2_golden,0,3.085,cxx_mul_to_div:/mnt/scratch1/ardi/dsl_mut/HM-armc/mutation/lowered-cpp/interpolate/interpolate.halide_generated.cpp:7192:51
interpolate,cxx_default_on_emitted_cpp,5eb72c8d,1,6,cxx_post_inc_to_post_dec,interpolate.halide_generated.cpp,10011,98,generator_specific,0,0,0,,,,0,2.948,cxx_post_inc_to_post_dec:/mnt/scratch1/ardi/dsl_mut/HM-armc/mutation/lowered-cpp/interpolate/interpolate.halide_generated.cpp:10011:98
interpolate,cxx_default_on_emitted_cpp,5eb72c8d,1,6,cxx_sub_to_add,interpolate.halide_generated.cpp,12305,33,generator_specific,0,0,1,,,test2_golden,0,3.230,cxx_sub_to_add:/mnt/scratch1/ardi/dsl_mut/HM-armc/mutation/lowered-cpp/interpolate/interpolate.halide_generated.cpp:12305:33
interpolate,cxx_default_on_emitted_cpp,5eb72c8d,1,6,cxx_add_to_sub,interpolate.halide_generated.cpp,6674,37,generator_specific,0,0,0,,,,0,3.452,cxx_add_to_sub:/mnt/scratch1/ardi/dsl_mut/HM-armc/mutation/lowered-cpp/interpolate/interpolate.halide_generated.cpp:6674:37
interpolate,cxx_default_on_emitted_cpp,5eb72c8d,1,6,cxx_gt_to_le,interpolate.halide_generated.cpp,3660,67,generator_specific,-6,1,1,,,test1_demo;test2_golden,0,0.274,cxx_gt_to_le:/mnt/scratch1/ardi/dsl_mut/HM-armc/mutation/lowered-cpp/interpolate/interpolate.halide_generated.cpp:3660:67
interpolate,cxx_default_on_emitted_cpp,5eb72c8d,1,6,cxx_add_to_sub,interpolate.halide_generated.cpp,7402,37,generator_specific,0,0,1,,,test2_golden,0,3.572,cxx_add_to_sub:/mnt/scratch1/ardi/dsl_mut/HM-armc/mutation/lowered-cpp/interpolate/interpolate.halide_generated.cpp:7402:37
interpolate,cxx_default_on_emitted_cpp,5eb72c8d,1,6,cxx_add_to_sub,interpolate.halide_generated.cpp,6379,33,generator_specific,-6,1,1,,,test1_demo;test2_golden,0,0.378,cxx_add_to_sub:/mnt/scratch1/ardi/dsl_mut/HM-armc/mutation/lowered-cpp/interpolate/interpolate.halide_generated.cpp:6379:33
interpolate,cxx_default_on_emitted_cpp,5eb72c8d,1,6,cxx_add_to_sub,interpolate.halide_generated.cpp,9146,90,generator_specific,0,0,0,,,,0,3.556,cxx_add_to_sub:/mnt/scratch1/ardi/dsl_mut/HM-armc/mutation/lowered-cpp/interpolate/interpolate.halide_generated.cpp:9146:90
interpolate,cxx_default_on_emitted_cpp,5eb72c8d,1,6,cxx_lt_to_ge,interpolate.halide_generated.cpp,6516,86,generator_specific,0,0,1,,,test2_golden,0,3.264,cxx_lt_to_ge:/mnt/scratch1/ardi/dsl_mut/HM-armc/mutation/lowered-cpp/interpolate/interpolate.halide_generated.cpp:6516:86
interpolate,cxx_default_on_emitted_cpp,5eb72c8d,1,6,cxx_mul_to_div,interpolate.halide_generated.cpp,5282,40,generator_specific,0,0,1,,,test2_golden,0,2.076,cxx_mul_to_div:/mnt/scratch1/ardi/dsl_mut/HM-armc/mutation/lowered-cpp/interpolate/interpolate.halide_generated.cpp:5282:40
interpolate,cxx_default_on_emitted_cpp,5eb72c8d,1,6,cxx_add_to_sub,interpolate.halide_generated.cpp,11221,26,generator_specific,0,0,0,,,,0,3.151,cxx_add_to_sub:/mnt/scratch1/ardi/dsl_mut/HM-armc/mutation/lowered-cpp/interpolate/interpolate.halide_generated.cpp:11221:26
interpolate,cxx_default_on_emitted_cpp,5eb72c8d,1,6,cxx_sub_to_add,interpolate.halide_generated.cpp,8443,35,generator_specific,0,0,1,,,test2_golden,0,4.350,cxx_sub_to_add:/mnt/scratch1/ardi/dsl_mut/HM-armc/mutation/lowered-cpp/interpolate/interpolate.halide_generated.cpp:8443:35
interpolate,cxx_default_on_emitted_cpp,5eb72c8d,1,6,cxx_gt_to_ge,interpolate.halide_generated.cpp,6331,77,generator_specific,0,0,1,,,test2_golden,0,2.970,cxx_gt_to_ge:/mnt/scratch1/ardi/dsl_mut/HM-armc/mutation/lowered-cpp/interpolate/interpolate.halide_generated.cpp:6331:77
interpolate,cxx_default_on_emitted_cpp,5eb72c8d,1,6,cxx_add_to_sub,interpolate.halide_generated.cpp,7040,37,generator_specific,0,0,1,,,test2_golden,0,2.886,cxx_add_to_sub:/mnt/scratch1/ardi/dsl_mut/HM-armc/mutation/lowered-cpp/interpolate/interpolate.halide_generated.cpp:7040:37
interpolate,cxx_default_on_emitted_cpp,5eb72c8d,1,6,cxx_add_to_sub,interpolate.halide_generated.cpp,4541,25,generator_specific,0,0,1,,,test2_golden,0,3.193,cxx_add_to_sub:/mnt/scratch1/ardi/dsl_mut/HM-armc/mutation/lowered-cpp/interpolate/interpolate.halide_generated.cpp:4541:25
interpolate,cxx_default_on_emitted_cpp,5eb72c8d,1,6,cxx_sub_to_add,interpolate.halide_generated.cpp,6681,37,generator_specific,0,0,0,,,,0,2.917,cxx_sub_to_add:/mnt/scratch1/ardi/dsl_mut/HM-armc/mutation/lowered-cpp/interpolate/interpolate.halide_generated.cpp:6681:37
interpolate,cxx_default_on_emitted_cpp,5eb72c8d,1,6,cxx_add_to_sub,interpolate.halide_generated.cpp,8528,35,generator_specific,0,0,1,,,test2_golden,0,3.373,cxx_add_to_sub:/mnt/scratch1/ardi/dsl_mut/HM-armc/mutation/lowered-cpp/interpolate/interpolate.halide_generated.cpp:8528:35
interpolate,cxx_default_on_emitted_cpp,5eb72c8d,1,6,cxx_mul_to_div,interpolate.halide_generated.cpp,8573,35,generator_specific,0,0,0,,,,0,3.129,cxx_mul_to_div:/mnt/scratch1/ardi/dsl_mut/HM-armc/mutation/lowered-cpp/interpolate/interpolate.halide_generated.cpp:8573:35
interpolate,cxx_default_on_emitted_cpp,5eb72c8d,1,6,cxx_replace_scalar_call,interpolate.halide_generated.cpp,10449,18,generator_specific,0,0,1,,,test2_golden,0,2.819,cxx_replace_scalar_call:/mnt/scratch1/ardi/dsl_mut/HM-armc/mutation/lowered-cpp/interpolate/interpolate.halide_generated.cpp:10449:18
interpolate,cxx_default_on_emitted_cpp,5eb72c8d,1,6,cxx_lt_to_le,interpolate.halide_generated.cpp,3853,103,generator_specific,0,0,1,,,test2_golden,0,3.290,cxx_lt_to_le:/mnt/scratch1/ardi/dsl_mut/HM-armc/mutation/lowered-cpp/interpolate/interpolate.halide_generated.cpp:3853:103
interpolate,cxx_default_on_emitted_cpp,5eb72c8d,1,6,cxx_add_to_sub,interpolate.halide_generated.cpp,11786,31,generator_specific,0,0,0,,,,0,3.196,cxx_add_to_sub:/mnt/scratch1/ardi/dsl_mut/HM-armc/mutation/lowered-cpp/interpolate/interpolate.halide_generated.cpp:11786:31
interpolate,cxx_default_on_emitted_cpp,5eb72c8d,1,6,cxx_mul_to_div,interpolate.halide_generated.cpp,5374,26,generator_specific,0,0,0,,,,0,3.015,cxx_mul_to_div:/mnt/scratch1/ardi/dsl_mut/HM-armc/mutation/lowered-cpp/interpolate/interpolate.halide_generated.cpp:5374:26
interpolate,cxx_default_on_emitted_cpp,5eb72c8d,1,6,cxx_add_to_sub,interpolate.halide_generated.cpp,7710,35,generator_specific,0,0,0,,,,0,3.046,cxx_add_to_sub:/mnt/scratch1/ardi/dsl_mut/HM-armc/mutation/lowered-cpp/interpolate/interpolate.halide_generated.cpp:7710:35
interpolate,cxx_default_on_emitted_cpp,5eb72c8d,1,6,cxx_add_to_sub,interpolate.halide_generated.cpp,12050,34,generator_specific,0,0,0,,,,0,3.736,cxx_add_to_sub:/mnt/scratch1/ardi/dsl_mut/HM-armc/mutation/lowered-cpp/interpolate/interpolate.halide_generated.cpp:12050:34
interpolate,cxx_default_on_emitted_cpp,5eb72c8d,1,6,cxx_add_to_sub,interpolate.halide_generated.cpp,3901,26,generator_specific,0,0,1,,,test2_golden,0,3.042,cxx_add_to_sub:/mnt/scratch1/ardi/dsl_mut/HM-armc/mutation/lowered-cpp/interpolate/interpolate.halide_generated.cpp:3901:26
interpolate,cxx_default_on_emitted_cpp,5eb72c8d,1,6,cxx_mul_to_div,interpolate.halide_generated.cpp,4051,25,generator_specific,-8,1,1,,,test1_demo;test2_golden,0,0.240,cxx_mul_to_div:/mnt/scratch1/ardi/dsl_mut/HM-armc/mutation/lowered-cpp/interpolate/interpolate.halide_generated.cpp:4051:25
interpolate,cxx_default_on_emitted_cpp,5eb72c8d,1,6,cxx_add_to_sub,interpolate.halide_generated.cpp,8859,25,generator_specific,0,0,0,,,,0,3.329,cxx_add_to_sub:/mnt/scratch1/ardi/dsl_mut/HM-armc/mutation/lowered-cpp/interpolate/interpolate.halide_generated.cpp:8859:25
interpolate,cxx_default_on_emitted_cpp,5eb72c8d,1,6,cxx_add_to_sub,interpolate.halide_generated.cpp,7386,36,generator_specific,-11,1,1,,,test1_demo;test2_golden,0,0.278,cxx_add_to_sub:/mnt/scratch1/ardi/dsl_mut/HM-armc/mutation/lowered-cpp/interpolate/interpolate.halide_generated.cpp:7386:36
interpolate,cxx_default_on_emitted_cpp,5eb72c8d,1,6,cxx_mul_to_div,interpolate.halide_generated.cpp,4524,24,generator_specific,0,0,1,,,test2_golden,0,3.699,cxx_mul_to_div:/mnt/scratch1/ardi/dsl_mut/HM-armc/mutation/lowered-cpp/interpolate/interpolate.halide_generated.cpp:4524:24
interpolate,cxx_default_on_emitted_cpp,5eb72c8d,1,6,cxx_mul_to_div,interpolate.halide_generated.cpp,8880,74,generator_specific,0,0,0,,,,0,2.939,cxx_mul_to_div:/mnt/scratch1/ardi/dsl_mut/HM-armc/mutation/lowered-cpp/interpolate/interpolate.halide_generated.cpp:8880:74
interpolate,cxx_default_on_emitted_cpp,5eb72c8d,1,6,cxx_add_to_sub,interpolate.halide_generated.cpp,5547,26,generator_specific,0,0,1,,,test2_golden,0,3.184,cxx_add_to_sub:/mnt/scratch1/ardi/dsl_mut/HM-armc/mutation/lowered-cpp/interpolate/interpolate.halide_generated.cpp:5547:26
interpolate,cxx_default_on_emitted_cpp,5eb72c8d,1,6,cxx_add_to_sub,interpolate.halide_generated.cpp,4049,28,generator_specific,0,0,0,,,,0,3.754,cxx_add_to_sub:/mnt/scratch1/ardi/dsl_mut/HM-armc/mutation/lowered-cpp/interpolate/interpolate.halide_generated.cpp:4049:28
interpolate,cxx_default_on_emitted_cpp,5eb72c8d,1,6,cxx_post_inc_to_post_dec,interpolate.halide_generated.cpp,5264,96,generator_specific,-11,1,1,,,test1_demo;test2_golden,0,0.296,cxx_post_inc_to_post_dec:/mnt/scratch1/ardi/dsl_mut/HM-armc/mutation/lowered-cpp/interpolate/interpolate.halide_generated.cpp:5264:96
interpolate,cxx_default_on_emitted_cpp,5eb72c8d,1,6,cxx_mul_to_div,interpolate.halide_generated.cpp,5100,43,generator_specific,0,0,1,,,test2_golden,0,2.652,cxx_mul_to_div:/mnt/scratch1/ardi/dsl_mut/HM-armc/mutation/lowered-cpp/interpolate/interpolate.halide_generated.cpp:5100:43
interpolate,cxx_default_on_emitted_cpp,5eb72c8d,1,6,cxx_mul_to_div,interpolate.halide_generated.cpp,4036,26,generator_specific,0,0,0,,,,0,3.366,cxx_mul_to_div:/mnt/scratch1/ardi/dsl_mut/HM-armc/mutation/lowered-cpp/interpolate/interpolate.halide_generated.cpp:4036:26
interpolate,cxx_default_on_emitted_cpp,5eb72c8d,1,6,cxx_add_to_sub,interpolate.halide_generated.cpp,8183,36,generator_specific,0,0,0,,,,0,2.937,cxx_add_to_sub:/mnt/scratch1/ardi/dsl_mut/HM-armc/mutation/lowered-cpp/interpolate/interpolate.halide_generated.cpp:8183:36
interpolate,cxx_default_on_emitted_cpp,5eb72c8d,1,6,cxx_add_to_sub,interpolate.halide_generated.cpp,7311,38,generator_specific,0,0,1,,,test2_golden,0,2.910,cxx_add_to_sub:/mnt/scratch1/ardi/dsl_mut/HM-armc/mutation/lowered-cpp/interpolate/interpolate.halide_generated.cpp:7311:38
interpolate,cxx_default_on_emitted_cpp,5eb72c8d,1,6,cxx_add_to_sub,interpolate.halide_generated.cpp,10766,25,generator_specific,0,0,0,,,,0,3.097,cxx_add_to_sub:/mnt/scratch1/ardi/dsl_mut/HM-armc/mutation/lowered-cpp/interpolate/interpolate.halide_generated.cpp:10766:25
interpolate,cxx_default_on_emitted_cpp,5eb72c8d,1,6,cxx_add_to_sub,interpolate.halide_generated.cpp,7168,49,generator_specific,-11,1,1,,,test1_demo;test2_golden,0,0.309,cxx_add_to_sub:/mnt/scratch1/ardi/dsl_mut/HM-armc/mutation/lowered-cpp/interpolate/interpolate.halide_generated.cpp:7168:49
interpolate,cxx_default_on_emitted_cpp,5eb72c8d,1,6,cxx_add_to_sub,interpolate.halide_generated.cpp,9710,37,generator_specific,0,0,1,,,test2_golden,0,3.320,cxx_add_to_sub:/mnt/scratch1/ardi/dsl_mut/HM-armc/mutation/lowered-cpp/interpolate/interpolate.halide_generated.cpp:9710:37
interpolate,cxx_default_on_emitted_cpp,5eb72c8d,1,6,cxx_replace_scalar_call,interpolate.halide_generated.cpp,10568,18,generator_specific,-6,1,1,,,test1_demo;test2_golden,0,0.257,cxx_replace_scalar_call:/mnt/scratch1/ardi/dsl_mut/HM-armc/mutation/lowered-cpp/interpolate/interpolate.halide_generated.cpp:10568:18
interpolate,cxx_default_on_emitted_cpp,5eb72c8d,1,6,cxx_replace_scalar_call,interpolate.halide_generated.cpp,10429,18,generator_specific,0,0,1,,,test2_golden,0,3.407,cxx_replace_scalar_call:/mnt/scratch1/ardi/dsl_mut/HM-armc/mutation/lowered-cpp/interpolate/interpolate.halide_generated.cpp:10429:18
interpolate,cxx_default_on_emitted_cpp,5eb72c8d,1,6,cxx_le_to_lt,interpolate.halide_generated.cpp,10597,21,generator_specific,0,0,0,,,,0,3.515,cxx_le_to_lt:/mnt/scratch1/ardi/dsl_mut/HM-armc/mutation/lowered-cpp/interpolate/interpolate.halide_generated.cpp:10597:21
interpolate,cxx_default_on_emitted_cpp,5eb72c8d,1,6,cxx_replace_scalar_call,interpolate.halide_generated.cpp,10432,18,generator_specific,-6,1,1,,,test1_demo;test2_golden,0,0.257,cxx_replace_scalar_call:/mnt/scratch1/ardi/dsl_mut/HM-armc/mutation/lowered-cpp/interpolate/interpolate.halide_generated.cpp:10432:18
interpolate,cxx_default_on_emitted_cpp,5eb72c8d,1,6,cxx_sub_to_add,interpolate.halide_generated.cpp,10864,26,generator_specific,0,0,0,,,,0,3.224,cxx_sub_to_add:/mnt/scratch1/ardi/dsl_mut/HM-armc/mutation/lowered-cpp/interpolate/interpolate.halide_generated.cpp:10864:26
interpolate,cxx_default_on_emitted_cpp,5eb72c8d,1,6,cxx_add_to_sub,interpolate.halide_generated.cpp,4070,26,generator_specific,0,0,1,,,test2_golden,0,3.335,cxx_add_to_sub:/mnt/scratch1/ardi/dsl_mut/HM-armc/mutation/lowered-cpp/interpolate/interpolate.halide_generated.cpp:4070:26
interpolate,cxx_default_on_emitted_cpp,5eb72c8d,1,6,cxx_add_to_sub,interpolate.halide_generated.cpp,8862,25,generator_specific,0,0,0,,,,0,3.219,cxx_add_to_sub:/mnt/scratch1/ardi/dsl_mut/HM-armc/mutation/lowered-cpp/interpolate/interpolate.halide_generated.cpp:8862:25
interpolate,cxx_default_on_emitted_cpp,5eb72c8d,1,6,cxx_add_to_sub,interpolate.halide_generated.cpp,6662,36,generator_specific,-11,1,1,,,test1_demo;test2_golden,0,0.361,cxx_add_to_sub:/mnt/scratch1/ardi/dsl_mut/HM-armc/mutation/lowered-cpp/interpolate/interpolate.halide_generated.cpp:6662:36
interpolate,cxx_default_on_emitted_cpp,5eb72c8d,1,6,cxx_add_to_sub,interpolate.halide_generated.cpp,7028,37,generator_specific,0,0,1,,,test2_golden,0,3.188,cxx_add_to_sub:/mnt/scratch1/ardi/dsl_mut/HM-armc/mutation/lowered-cpp/interpolate/interpolate.halide_generated.cpp:7028:37
interpolate,cxx_default_on_emitted_cpp,5eb72c8d,1,6,cxx_sub_to_add,interpolate.halide_generated.cpp,7550,35,generator_specific,0,0,0,,,,0,2.805,cxx_sub_to_add:/mnt/scratch1/ardi/dsl_mut/HM-armc/mutation/lowered-cpp/interpolate/interpolate.halide_generated.cpp:7550:35
interpolate,cxx_default_on_emitted_cpp,5eb72c8d,1,6,cxx_lt_to_le,interpolate.halide_generated.cpp,7842,75,generator_specific,0,0,0,,,,0,2.922,cxx_lt_to_le:/mnt/scratch1/ardi/dsl_mut/HM-armc/mutation/lowered-cpp/interpolate/interpolate.halide_generated.cpp:7842:75
interpolate,cxx_default_on_emitted_cpp,5eb72c8d,1,6,cxx_eq_to_ne,interpolate.halide_generated.cpp,6364,55,generator_specific,0,0,0,,,,0,3.737,cxx_eq_to_ne:/mnt/scratch1/ardi/dsl_mut/HM-armc/mutation/lowered-cpp/interpolate/interpolate.halide_generated.cpp:6364:55
interpolate,cxx_default_on_emitted_cpp,5eb72c8d,1,6,cxx_add_to_sub,interpolate.halide_generated.cpp,7987,37,generator_specific,0,0,0,,,,0,3.185,cxx_add_to_sub:/mnt/scratch1/ardi/dsl_mut/HM-armc/mutation/lowered-cpp/interpolate/interpolate.halide_generated.cpp:7987:37
interpolate,cxx_default_on_emitted_cpp,5eb72c8d,1,6,cxx_add_to_sub,interpolate.halide_generated.cpp,11028,25,generator_specific,0,0,0,,,,0,2.842,cxx_add_to_sub:/mnt/scratch1/ardi/dsl_mut/HM-armc/mutation/lowered-cpp/interpolate/interpolate.halide_generated.cpp:11028:25
interpolate,cxx_default_on_emitted_cpp,5eb72c8d,1,6,cxx_add_to_sub,interpolate.halide_generated.cpp,6541,38,generator_specific,0,0,0,,,,0,3.204,cxx_add_to_sub:/mnt/scratch1/ardi/dsl_mut/HM-armc/mutation/lowered-cpp/interpolate/interpolate.halide_generated.cpp:6541:38
interpolate,cxx_default_on_emitted_cpp,5eb72c8d,1,6,cxx_add_to_sub,interpolate.halide_generated.cpp,4072,28,generator_specific,0,0,0,,,,0,3.039,cxx_add_to_sub:/mnt/scratch1/ardi/dsl_mut/HM-armc/mutation/lowered-cpp/interpolate/interpolate.halide_generated.cpp:4072:28
interpolate,cxx_default_on_emitted_cpp,5eb72c8d,1,6,cxx_lt_to_ge,interpolate.halide_generated.cpp,9890,28,generator_specific,0,0,0,,,,0,3.188,cxx_lt_to_ge:/mnt/scratch1/ardi/dsl_mut/HM-armc/mutation/lowered-cpp/interpolate/interpolate.halide_generated.cpp:9890:28
interpolate,cxx_default_on_emitted_cpp,5eb72c8d,1,6,cxx_add_to_sub,interpolate.halide_generated.cpp,8093,36,generator_specific,0,0,0,,,,0,2.911,cxx_add_to_sub:/mnt/scratch1/ardi/dsl_mut/HM-armc/mutation/lowered-cpp/interpolate/interpolate.halide_generated.cpp:8093:36
interpolate,cxx_default_on_emitted_cpp,5eb72c8d,1,6,cxx_replace_scalar_call,interpolate.halide_generated.cpp,10802,20,generator_specific,0,0,0,,,,0,3.010,cxx_replace_scalar_call:/mnt/scratch1/ardi/dsl_mut/HM-armc/mutation/lowered-cpp/interpolate/interpolate.halide_generated.cpp:10802:20
interpolate,cxx_default_on_emitted_cpp,5eb72c8d,1,6,cxx_lt_to_ge,interpolate.halide_generated.cpp,4154,103,generator_specific,0,0,1,,,test2_golden,0,3.468,cxx_lt_to_ge:/mnt/scratch1/ardi/dsl_mut/HM-armc/mutation/lowered-cpp/interpolate/interpolate.halide_generated.cpp:4154:103
interpolate,cxx_default_on_emitted_cpp,5eb72c8d,1,6,cxx_add_to_sub,interpolate.halide_generated.cpp,7937,38,generator_specific,-11,1,1,,,test1_demo;test2_golden,0,0.347,cxx_add_to_sub:/mnt/scratch1/ardi/dsl_mut/HM-armc/mutation/lowered-cpp/interpolate/interpolate.halide_generated.cpp:7937:38
interpolate,cxx_default_on_emitted_cpp,5eb72c8d,1,6,cxx_add_to_sub,interpolate.halide_generated.cpp,4938,27,generator_specific,-6,1,1,,,test1_demo;test2_golden,0,0.752,cxx_add_to_sub:/mnt/scratch1/ardi/dsl_mut/HM-armc/mutation/lowered-cpp/interpolate/interpolate.halide_generated.cpp:4938:27
interpolate,cxx_default_on_emitted_cpp,5eb72c8d,1,6,cxx_lt_to_le,interpolate.halide_generated.cpp,3270,30,boilerplate,0,0,0,,,,0,3.122,cxx_lt_to_le:/mnt/scratch1/ardi/dsl_mut/HM-armc/mutation/lowered-cpp/interpolate/interpolate.halide_generated.cpp:3270:30
interpolate,cxx_default_on_emitted_cpp,5eb72c8d,1,6,cxx_mul_to_div,interpolate.halide_generated.cpp,10616,25,generator_specific,0,0,0,,,,0,2.785,cxx_mul_to_div:/mnt/scratch1/ardi/dsl_mut/HM-armc/mutation/lowered-cpp/interpolate/interpolate.halide_generated.cpp:10616:25
interpolate,cxx_default_on_emitted_cpp,5eb72c8d,1,6,cxx_sub_to_add,interpolate.halide_generated.cpp,7576,37,generator_specific,-11,1,1,,,test1_demo;test2_golden,0,0.637,cxx_sub_to_add:/mnt/scratch1/ardi/dsl_mut/HM-armc/mutation/lowered-cpp/interpolate/interpolate.halide_generated.cpp:7576:37
interpolate,cxx_default_on_emitted_cpp,5eb72c8d,1,6,cxx_add_to_sub,interpolate.halide_generated.cpp,10561,24,generator_specific,0,0,0,,,,0,3.357,cxx_add_to_sub:/mnt/scratch1/ardi/dsl_mut/HM-armc/mutation/lowered-cpp/interpolate/interpolate.halide_generated.cpp:10561:24
interpolate,cxx_default_on_emitted_cpp,5eb72c8d,1,6,cxx_add_to_sub,interpolate.halide_generated.cpp,10776,26,generator_specific,0,0,0,,,,0,3.296,cxx_add_to_sub:/mnt/scratch1/ardi/dsl_mut/HM-armc/mutation/lowered-cpp/interpolate/interpolate.halide_generated.cpp:10776:26
interpolate,cxx_default_on_emitted_cpp,5eb72c8d,1,6,cxx_mul_to_div,interpolate.halide_generated.cpp,11944,33,generator_specific,-11,1,1,,,test1_demo;test2_golden,0,0.426,cxx_mul_to_div:/mnt/scratch1/ardi/dsl_mut/HM-armc/mutation/lowered-cpp/interpolate/interpolate.halide_generated.cpp:11944:33
interpolate,cxx_default_on_emitted_cpp,5eb72c8d,1,6,cxx_add_to_sub,interpolate.halide_generated.cpp,9038,32,generator_specific,0,0,0,,,,0,2.923,cxx_add_to_sub:/mnt/scratch1/ardi/dsl_mut/HM-armc/mutation/lowered-cpp/interpolate/interpolate.halide_generated.cpp:9038:32
interpolate,cxx_default_on_emitted_cpp,5eb72c8d,1,6,cxx_lt_to_le,interpolate.halide_generated.cpp,9683,69,generator_specific,0,0,1,,,test2_golden,0,3.505,cxx_lt_to_le:/mnt/scratch1/ardi/dsl_mut/HM-armc/mutation/lowered-cpp/interpolate/interpolate.halide_generated.cpp:9683:69
interpolate,cxx_default_on_emitted_cpp,5eb72c8d,1,6,cxx_mul_to_div,interpolate.halide_generated.cpp,7468,37,generator_specific,0,0,0,,,,0,4.430,cxx_mul_to_div:/mnt/scratch1/ardi/dsl_mut/HM-armc/mutation/lowered-cpp/interpolate/interpolate.halide_generated.cpp:7468:37
interpolate,cxx_default_on_emitted_cpp,5eb72c8d,1,6,cxx_add_to_sub,interpolate.halide_generated.cpp,12105,33,generator_specific,-11,1,1,,,test1_demo;test2_golden,0,0.339,cxx_add_to_sub:/mnt/scratch1/ardi/dsl_mut/HM-armc/mutation/lowered-cpp/interpolate/interpolate.halide_generated.cpp:12105:33
interpolate,cxx_default_on_emitted_cpp,5eb72c8d,1,6,cxx_add_to_sub,interpolate.halide_generated.cpp,9587,37,generator_specific,0,0,0,,,,0,3.534,cxx_add_to_sub:/mnt/scratch1/ardi/dsl_mut/HM-armc/mutation/lowered-cpp/interpolate/interpolate.halide_generated.cpp:9587:37
interpolate,cxx_default_on_emitted_cpp,5eb72c8d,1,6,cxx_add_to_sub,interpolate.halide_generated.cpp,5191,27,generator_specific,0,0,0,,,,0,3.253,cxx_add_to_sub:/mnt/scratch1/ardi/dsl_mut/HM-armc/mutation/lowered-cpp/interpolate/interpolate.halide_generated.cpp:5191:27
interpolate,cxx_default_on_emitted_cpp,5eb72c8d,1,6,cxx_mul_to_div,interpolate.halide_generated.cpp,4251,25,generator_specific,0,0,1,,,test2_golden,0,3.898,cxx_mul_to_div:/mnt/scratch1/ardi/dsl_mut/HM-armc/mutation/lowered-cpp/interpolate/interpolate.halide_generated.cpp:4251:25
interpolate,cxx_default_on_emitted_cpp,5eb72c8d,1,6,cxx_post_inc_to_post_dec,interpolate.halide_generated.cpp,4671,95,generator_specific,-11,1,1,,,test1_demo;test2_golden,0,0.477,cxx_post_inc_to_post_dec:/mnt/scratch1/ardi/dsl_mut/HM-armc/mutation/lowered-cpp/interpolate/interpolate.halide_generated.cpp:4671:95
interpolate,cxx_default_on_emitted_cpp,5eb72c8d,1,6,cxx_add_to_sub,interpolate.halide_generated.cpp,8458,35,generator_specific,0,0,1,,,test2_golden,0,4.216,cxx_add_to_sub:/mnt/scratch1/ardi/dsl_mut/HM-armc/mutation/lowered-cpp/interpolate/interpolate.halide_generated.cpp:8458:35
interpolate,cxx_default_on_emitted_cpp,5eb72c8d,1,6,cxx_lt_to_le,interpolate.halide_generated.cpp,9358,86,generator_specific,0,0,0,,,,0,3.310,cxx_lt_to_le:/mnt/scratch1/ardi/dsl_mut/HM-armc/mutation/lowered-cpp/interpolate/interpolate.halide_generated.cpp:9358:86
interpolate,cxx_default_on_emitted_cpp,5eb72c8d,1,6,cxx_gt_to_ge,interpolate.halide_generated.cpp,11583,76,generator_specific,0,0,0,,,,0,3.046,cxx_gt_to_ge:/mnt/scratch1/ardi/dsl_mut/HM-armc/mutation/lowered-cpp/interpolate/interpolate.halide_generated.cpp:11583:76
interpolate,cxx_default_on_emitted_cpp,5eb72c8d,1,6,cxx_mul_to_div,interpolate.halide_generated.cpp,8978,58,generator_specific,0,0,0,,,,0,3.172,cxx_mul_to_div:/mnt/scratch1/ardi/dsl_mut/HM-armc/mutation/lowered-cpp/interpolate/interpolate.halide_generated.cpp:8978:58
interpolate,cxx_default_on_emitted_cpp,5eb72c8d,1,6,cxx_mul_to_div,interpolate.halide_generated.cpp,8108,35,generator_specific,0,0,0,,,,0,3.199,cxx_mul_to_div:/mnt/scratch1/ardi/dsl_mut/HM-armc/mutation/lowered-cpp/interpolate/interpolate.halide_generated.cpp:8108:35
interpolate,cxx_default_on_emitted_cpp,5eb72c8d,1,6,cxx_mul_to_div,interpolate.halide_generated.cpp,6751,37,generator_specific,0,0,1,,,test2_golden,0,3.096,cxx_mul_to_div:/mnt/scratch1/ardi/dsl_mut/HM-armc/mutation/lowered-cpp/interpolate/interpolate.halide_generated.cpp:6751:37
interpolate,cxx_default_on_emitted_cpp,5eb72c8d,1,6,cxx_sub_to_add,interpolate.halide_generated.cpp,4029,24,generator_specific,0,0,0,,,,0,3.162,cxx_sub_to_add:/mnt/scratch1/ardi/dsl_mut/HM-armc/mutation/lowered-cpp/interpolate/interpolate.halide_generated.cpp:4029:24
interpolate,cxx_default_on_emitted_cpp,5eb72c8d,1,6,cxx_add_to_sub,interpolate.halide_generated.cpp,5316,26,generator_specific,0,0,1,,,test2_golden,0,3.182,cxx_add_to_sub:/mnt/scratch1/ardi/dsl_mut/HM-armc/mutation/lowered-cpp/interpolate/interpolate.halide_generated.cpp:5316:26
interpolate,cxx_default_on_emitted_cpp,5eb72c8d,1,6,cxx_sub_to_add,interpolate.halide_generated.cpp,10116,35,generator_specific,0,0,0,,,,0,3.229,cxx_sub_to_add:/mnt/scratch1/ardi/dsl_mut/HM-armc/mutation/lowered-cpp/interpolate/interpolate.halide_generated.cpp:10116:35
interpolate,cxx_default_on_emitted_cpp,5eb72c8d,1,6,cxx_add_to_sub,interpolate.halide_generated.cpp,10258,36,generator_specific,0,0,0,,,,0,3.363,cxx_add_to_sub:/mnt/scratch1/ardi/dsl_mut/HM-armc/mutation/lowered-cpp/interpolate/interpolate.halide_generated.cpp:10258:36
interpolate,cxx_default_on_emitted_cpp,5eb72c8d,1,6,cxx_add_to_sub,interpolate.halide_generated.cpp,7683,38,generator_specific,0,0,0,,,,0,2.867,cxx_add_to_sub:/mnt/scratch1/ardi/dsl_mut/HM-armc/mutation/lowered-cpp/interpolate/interpolate.halide_generated.cpp:7683:38
interpolate,cxx_default_on_emitted_cpp,5eb72c8d,1,6,cxx_add_to_sub,interpolate.halide_generated.cpp,7267,38,generator_specific,0,0,1,,,test2_golden,0,3.194,cxx_add_to_sub:/mnt/scratch1/ardi/dsl_mut/HM-armc/mutation/lowered-cpp/interpolate/interpolate.halide_generated.cpp:7267:38
interpolate,cxx_default_on_emitted_cpp,5eb72c8d,1,6,cxx_add_to_sub,interpolate.halide_generated.cpp,6740,37,generator_specific,0,0,0,,,,0,3.125,cxx_add_to_sub:/mnt/scratch1/ardi/dsl_mut/HM-armc/mutation/lowered-cpp/interpolate/interpolate.halide_generated.cpp:6740:37
interpolate,cxx_default_on_emitted_cpp,5eb72c8d,1,6,cxx_add_to_sub,interpolate.halide_generated.cpp,6918,38,generator_specific,-6,1,1,,,test1_demo;test2_golden,0,0.280,cxx_add_to_sub:/mnt/scratch1/ardi/dsl_mut/HM-armc/mutation/lowered-cpp/interpolate/interpolate.halide_generated.cpp:6918:38
interpolate,cxx_default_on_emitted_cpp,5eb72c8d,1,6,cxx_mul_to_div,interpolate.halide_generated.cpp,6928,37,generator_specific,0,0,0,,,,0,3.216,cxx_mul_to_div:/mnt/scratch1/ardi/dsl_mut/HM-armc/mutation/lowered-cpp/interpolate/interpolate.halide_generated.cpp:6928:37
interpolate,cxx_default_on_emitted_cpp,5eb72c8d,1,6,cxx_add_to_sub,interpolate.halide_generated.cpp,11191,26,generator_specific,0,0,0,,,,0,3.225,cxx_add_to_sub:/mnt/scratch1/ardi/dsl_mut/HM-armc/mutation/lowered-cpp/interpolate/interpolate.halide_generated.cpp:11191:26
interpolate,cxx_default_on_emitted_cpp,5eb72c8d,1,6,cxx_add_to_sub,interpolate.halide_generated.cpp,10710,26,generator_specific,0,0,0,,,,0,3.075,cxx_add_to_sub:/mnt/scratch1/ardi/dsl_mut/HM-armc/mutation/lowered-cpp/interpolate/interpolate.halide_generated.cpp:10710:26
interpolate,cxx_default_on_emitted_cpp,5eb72c8d,1,6,cxx_add_to_sub,interpolate.halide_generated.cpp,10459,24,generator_specific,0,0,0,,,,0,2.979,cxx_add_to_sub:/mnt/scratch1/ardi/dsl_mut/HM-armc/mutation/lowered-cpp/interpolate/interpolate.halide_generated.cpp:10459:24
interpolate,cxx_default_on_emitted_cpp,5eb72c8d,1,6,cxx_add_to_sub,interpolate.halide_generated.cpp,9511,38,generator_specific,0,0,0,,,,0,3.191,cxx_add_to_sub:/mnt/scratch1/ardi/dsl_mut/HM-armc/mutation/lowered-cpp/interpolate/interpolate.halide_generated.cpp:9511:38
interpolate,cxx_default_on_emitted_cpp,5eb72c8d,1,6,cxx_gt_to_le,interpolate.halide_generated.cpp,8899,28,generator_specific,0,0,0,,,,0,3.115,cxx_gt_to_le:/mnt/scratch1/ardi/dsl_mut/HM-armc/mutation/lowered-cpp/interpolate/interpolate.halide_generated.cpp:8899:28
interpolate,cxx_default_on_emitted_cpp,5eb72c8d,1,6,cxx_mul_to_div,interpolate.halide_generated.cpp,7303,37,generator_specific,0,0,1,,,test2_golden,0,3.111,cxx_mul_to_div:/mnt/scratch1/ardi/dsl_mut/HM-armc/mutation/lowered-cpp/interpolate/interpolate.halide_generated.cpp:7303:37
interpolate,cxx_default_on_emitted_cpp,5eb72c8d,1,6,cxx_gt_to_le,interpolate.halide_generated.cpp,6357,21,generator_specific,-6,1,1,,,test1_demo;test2_golden,0,0.316,cxx_gt_to_le:/mnt/scratch1/ardi/dsl_mut/HM-armc/mutation/lowered-cpp/interpolate/interpolate.halide_generated.cpp:6357:21
interpolate,cxx_default_on_emitted_cpp,5eb72c8d,1,6,cxx_gt_to_le,interpolate.halide_generated.cpp,6233,73,generator_specific,-6,1,1,,,test1_demo;test2_golden,0,0.360,cxx_gt_to_le:/mnt/scratch1/ardi/dsl_mut/HM-armc/mutation/lowered-cpp/interpolate/interpolate.halide_generated.cpp:6233:73
interpolate,cxx_default_on_emitted_cpp,5eb72c8d,1,6,cxx_sub_to_add,interpolate.halide_generated.cpp,11689,31,generator_specific,0,0,0,,,,0,3.232,cxx_sub_to_add:/mnt/scratch1/ardi/dsl_mut/HM-armc/mutation/lowered-cpp/interpolate/interpolate.halide_generated.cpp:11689:31
interpolate,cxx_default_on_emitted_cpp,5eb72c8d,1,6,cxx_add_to_sub,interpolate.halide_generated.cpp,11895,32,generator_specific,0,0,0,,,,0,3.169,cxx_add_to_sub:/mnt/scratch1/ardi/dsl_mut/HM-armc/mutation/lowered-cpp/interpolate/interpolate.halide_generated.cpp:11895:32
interpolate,cxx_default_on_emitted_cpp,5eb72c8d,1,6,cxx_lt_to_le,interpolate.halide_generated.cpp,4283,64,generator_specific,0,0,1,,,test2_golden,0,3.380,cxx_lt_to_le:/mnt/scratch1/ardi/dsl_mut/HM-armc/mutation/lowered-cpp/interpolate/interpolate.halide_generated.cpp:4283:64
interpolate,cxx_default_on_emitted_cpp,5eb72c8d,1,6,cxx_lt_to_le,interpolate.halide_generated.cpp,5660,57,generator_specific,-6,1,1,,,test1_demo;test2_golden,0,0.314,cxx_lt_to_le:/mnt/scratch1/ardi/dsl_mut/HM-armc/mutation/lowered-cpp/interpolate/interpolate.halide_generated.cpp:5660:57
interpolate,cxx_default_on_emitted_cpp,5eb72c8d,1,6,cxx_add_to_sub,interpolate.halide_generated.cpp,11329,27,generator_specific,0,0,1,,,test2_golden,0,3.709,cxx_add_to_sub:/mnt/scratch1/ardi/dsl_mut/HM-armc/mutation/lowered-cpp/interpolate/interpolate.halide_generated.cpp:11329:27
interpolate,cxx_default_on_emitted_cpp,5eb72c8d,1,6,cxx_add_to_sub,interpolate.halide_generated.cpp,5647,43,generator_specific,-11,1,1,,,test1_demo;test2_golden,0,0.345,cxx_add_to_sub:/mnt/scratch1/ardi/dsl_mut/HM-armc/mutation/lowered-cpp/interpolate/interpolate.halide_generated.cpp:5647:43
interpolate,cxx_default_on_emitted_cpp,5eb72c8d,1,6,cxx_add_to_sub,interpolate.halide_generated.cpp,6551,37,generator_specific,0,0,0,,,,0,3.184,cxx_add_to_sub:/mnt/scratch1/ardi/dsl_mut/HM-armc/mutation/lowered-cpp/interpolate/interpolate.halide_generated.cpp:6551:37
interpolate,cxx_default_on_emitted_cpp,5eb72c8d,1,6,cxx_add_to_sub,interpolate.halide_generated.cpp,4878,26,generator_specific,0,0,1,,,test2_golden,0,3.144,cxx_add_to_sub:/mnt/scratch1/ardi/dsl_mut/HM-armc/mutation/lowered-cpp/interpolate/interpolate.halide_generated.cpp:4878:26
interpolate,cxx_default_on_emitted_cpp,5eb72c8d,1,6,cxx_add_to_sub,interpolate.halide_generated.cpp,10243,38,generator_specific,0,0,0,,,,0,2.990,cxx_add_to_sub:/mnt/scratch1/ardi/dsl_mut/HM-armc/mutation/lowered-cpp/interpolate/interpolate.halide_generated.cpp:10243:38
interpolate,cxx_default_on_emitted_cpp,5eb72c8d,1,6,cxx_mul_to_div,interpolate.halide_generated.cpp,9985,37,generator_specific,0,0,0,,,,0,3.520,cxx_mul_to_div:/mnt/scratch1/ardi/dsl_mut/HM-armc/mutation/lowered-cpp/interpolate/interpolate.halide_generated.cpp:9985:37
interpolate,cxx_default_on_emitted_cpp,5eb72c8d,1,6,cxx_mul_to_div,interpolate.halide_generated.cpp,11048,25,generator_specific,0,0,1,,,test2_golden,0,3.456,cxx_mul_to_div:/mnt/scratch1/ardi/dsl_mut/HM-armc/mutation/lowered-cpp/interpolate/interpolate.halide_generated.cpp:11048:25
interpolate,cxx_default_on_emitted_cpp,5eb72c8d,1,6,cxx_mul_to_div,interpolate.halide_generated.cpp,8932,76,generator_specific,0,0,0,,,,0,3.214,cxx_mul_to_div:/mnt/scratch1/ardi/dsl_mut/HM-armc/mutation/lowered-cpp/interpolate/interpolate.halide_generated.cpp:8932:76
interpolate,cxx_default_on_emitted_cpp,5eb72c8d,1,6,cxx_sub_to_add,interpolate.halide_generated.cpp,11561,29,generator_specific,0,0,1,,,test2_golden,0,2.966,cxx_sub_to_add:/mnt/scratch1/ardi/dsl_mut/HM-armc/mutation/lowered-cpp/interpolate/interpolate.halide_generated.cpp:11561:29
interpolate,cxx_default_on_emitted_cpp,5eb72c8d,1,6,cxx_lt_to_le,interpolate.halide_generated.cpp,7996,75,generator_specific,0,0,0,,,,0,3.084,cxx_lt_to_le:/mnt/scratch1/ardi/dsl_mut/HM-armc/mutation/lowered-cpp/interpolate/interpolate.halide_generated.cpp:7996:75
interpolate,cxx_default_on_emitted_cpp,5eb72c8d,1,6,cxx_add_to_sub,interpolate.halide_generated.cpp,5179,27,generator_specific,0,0,0,,,,0,3.827,cxx_add_to_sub:/mnt/scratch1/ardi/dsl_mut/HM-armc/mutation/lowered-cpp/interpolate/interpolate.halide_generated.cpp:5179:27
interpolate,cxx_default_on_emitted_cpp,5eb72c8d,1,6,cxx_lt_to_ge,interpolate.halide_generated.cpp,9698,86,generator_specific,0,0,0,,,,0,3.187,cxx_lt_to_ge:/mnt/scratch1/ardi/dsl_mut/HM-armc/mutation/lowered-cpp/interpolate/interpolate.halide_generated.cpp:9698:86
interpolate,cxx_default_on_emitted_cpp,5eb72c8d,1,6,cxx_div_to_mul,interpolate.halide_generated.cpp,10374,35,generator_specific,0,0,0,,,,0,2.894,cxx_div_to_mul:/mnt/scratch1/ardi/dsl_mut/HM-armc/mutation/lowered-cpp/interpolate/interpolate.halide_generated.cpp:10374:35
interpolate,cxx_default_on_emitted_cpp,5eb72c8d,1,6,cxx_sub_to_add,interpolate.halide_generated.cpp,10064,37,generator_specific,0,0,1,,,test2_golden,0,3.306,cxx_sub_to_add:/mnt/scratch1/ardi/dsl_mut/HM-armc/mutation/lowered-cpp/interpolate/interpolate.halide_generated.cpp:10064:37
interpolate,cxx_default_on_emitted_cpp,5eb72c8d,1,6,cxx_post_inc_to_post_dec,interpolate.halide_generated.cpp,3371,40,boilerplate,0,0,1,,,test2_golden,0,2.993,cxx_post_inc_to_post_dec:/mnt/scratch1/ardi/dsl_mut/HM-armc/mutation/lowered-cpp/interpolate/interpolate.halide_generated.cpp:3371:40
interpolate,cxx_default_on_emitted_cpp,5eb72c8d,1,6,cxx_add_to_sub,interpolate.halide_generated.cpp,5278,25,generator_specific,0,0,0,,,,0,2.958,cxx_add_to_sub:/mnt/scratch1/ardi/dsl_mut/HM-armc/mutation/lowered-cpp/interpolate/interpolate.halide_generated.cpp:5278:25
interpolate,cxx_default_on_emitted_cpp,5eb72c8d,1,6,cxx_add_to_sub,interpolate.halide_generated.cpp,12101,33,generator_specific,0,0,0,,,,0,3.398,cxx_add_to_sub:/mnt/scratch1/ardi/dsl_mut/HM-armc/mutation/lowered-cpp/interpolate/interpolate.halide_generated.cpp:12101:33
interpolate,cxx_default_on_emitted_cpp,5eb72c8d,1,6,cxx_add_to_sub,interpolate.halide_generated.cpp,9536,37,generator_specific,0,0,0,,,,0,3.779,cxx_add_to_sub:/mnt/scratch1/ardi/dsl_mut/HM-armc/mutation/lowered-cpp/interpolate/interpolate.halide_generated.cpp:9536:37
interpolate,cxx_default_on_emitted_cpp,5eb72c8d,1,6,cxx_add_to_sub,interpolate.halide_generated.cpp,9948,38,generator_specific,0,0,0,,,,0,3.245,cxx_add_to_sub:/mnt/scratch1/ardi/dsl_mut/HM-armc/mutation/lowered-cpp/interpolate/interpolate.halide_generated.cpp:9948:38
interpolate,cxx_default_on_emitted_cpp,5eb72c8d,1,6,cxx_add_to_sub,interpolate.halide_generated.cpp,11351,28,generator_specific,-6,1,1,,,test1_demo;test2_golden,0,0.304,cxx_add_to_sub:/mnt/scratch1/ardi/dsl_mut/HM-armc/mutation/lowered-cpp/interpolate/interpolate.halide_generated.cpp:11351:28
interpolate,cxx_default_on_emitted_cpp,5eb72c8d,1,6,cxx_mul_to_div,interpolate.halide_generated.cpp,6534,38,generator_specific,0,0,1,,,test2_golden,0,3.384,cxx_mul_to_div:/mnt/scratch1/ardi/dsl_mut/HM-armc/mutation/lowered-cpp/interpolate/interpolate.halide_generated.cpp:6534:38
interpolate,cxx_default_on_emitted_cpp,5eb72c8d,1,6,cxx_replace_scalar_call,interpolate.halide_generated.cpp,10950,20,generator_specific,0,0,0,,,,0,3.214,cxx_replace_scalar_call:/mnt/scratch1/ardi/dsl_mut/HM-armc/mutation/lowered-cpp/interpolate/interpolate.halide_generated.cpp:10950:20
interpolate,cxx_default_on_emitted_cpp,5eb72c8d,1,6,cxx_add_to_sub,interpolate.halide_generated.cpp,5187,26,generator_specific,0,0,0,,,,0,3.192,cxx_add_to_sub:/mnt/scratch1/ardi/dsl_mut/HM-armc/mutation/lowered-cpp/interpolate/interpolate.halide_generated.cpp:5187:26
interpolate,cxx_default_on_emitted_cpp,5eb72c8d,1,6,cxx_add_to_sub,interpolate.halide_generated.cpp,5642,24,generator_specific,-11,1,1,,,test1_demo;test2_golden,0,0.390,cxx_add_to_sub:/mnt/scratch1/ardi/dsl_mut/HM-armc/mutation/lowered-cpp/interpolate/interpolate.halide_generated.cpp:5642:24
interpolate,cxx_default_on_emitted_cpp,5eb72c8d,1,6,cxx_mul_to_div,interpolate.halide_generated.cpp,6867,37,generator_specific,0,0,1,,,test2_golden,0,3.444,cxx_mul_to_div:/mnt/scratch1/ardi/dsl_mut/HM-armc/mutation/lowered-cpp/interpolate/interpolate.halide_generated.cpp:6867:37
interpolate,cxx_default_on_emitted_cpp,5eb72c8d,1,6,cxx_mul_to_div,interpolate.halide_generated.cpp,8266,36,generator_specific,0,0,0,,,,0,3.998,cxx_mul_to_div:/mnt/scratch1/ardi/dsl_mut/HM-armc/mutation/lowered-cpp/interpolate/interpolate.halide_generated.cpp:8266:36
interpolate,cxx_default_on_emitted_cpp,5eb72c8d,1,6,cxx_mul_to_div,interpolate.halide_generated.cpp,4271,25,generator_specific,0,0,1,,,test2_golden,0,2.789,cxx_mul_to_div:/mnt/scratch1/ardi/dsl_mut/HM-armc/mutation/lowered-cpp/interpolate/interpolate.halide_generated.cpp:4271:25
interpolate,cxx_default_on_emitted_cpp,5eb72c8d,1,6,cxx_add_to_sub,interpolate.halide_generated.cpp,8194,36,generator_specific,0,0,0,,,,0,3.052,cxx_add_to_sub:/mnt/scratch1/ardi/dsl_mut/HM-armc/mutation/lowered-cpp/interpolate/interpolate.halide_generated.cpp:8194:36
interpolate,cxx_default_on_emitted_cpp,5eb72c8d,1,6,cxx_add_to_sub,interpolate.halide_generated.cpp,3923,26,generator_specific,-11,1,1,,,test1_demo;test2_golden,0,0.293,cxx_add_to_sub:/mnt/scratch1/ardi/dsl_mut/HM-armc/mutation/lowered-cpp/interpolate/interpolate.halide_generated.cpp:3923:26
interpolate,cxx_default_on_emitted_cpp,5eb72c8d,1,6,cxx_add_to_sub,interpolate.halide_generated.cpp,3976,26,generator_specific,0,0,1,,,test2_golden,0,3.077,cxx_add_to_sub:/mnt/scratch1/ardi/dsl_mut/HM-armc/mutation/lowered-cpp/interpolate/interpolate.halide_generated.cpp:3976:26
interpolate,cxx_default_on_emitted_cpp,5eb72c8d,1,6,cxx_add_to_sub,interpolate.halide_generated.cpp,10065,38,generator_specific,0,0,0,,,,0,3.672,cxx_add_to_sub:/mnt/scratch1/ardi/dsl_mut/HM-armc/mutation/lowered-cpp/interpolate/interpolate.halide_generated.cpp:10065:38
interpolate,cxx_default_on_emitted_cpp,5eb72c8d,1,6,cxx_replace_scalar_call,interpolate.halide_generated.cpp,10679,20,generator_specific,0,0,0,,,,0,4.070,cxx_replace_scalar_call:/mnt/scratch1/ardi/dsl_mut/HM-armc/mutation/lowered-cpp/interpolate/interpolate.halide_generated.cpp:10679:20
interpolate,cxx_default_on_emitted_cpp,5eb72c8d,1,6,cxx_add_to_sub,interpolate.halide_generated.cpp,7873,37,generator_specific,0,0,0,,,,0,3.224,cxx_add_to_sub:/mnt/scratch1/ardi/dsl_mut/HM-armc/mutation/lowered-cpp/interpolate/interpolate.halide_generated.cpp:7873:37
interpolate,cxx_default_on_emitted_cpp,5eb72c8d,1,6,cxx_replace_scalar_call,interpolate.halide_generated.cpp,10602,19,generator_specific,0,0,1,,,test2_golden,0,3.482,cxx_replace_scalar_call:/mnt/scratch1/ardi/dsl_mut/HM-armc/mutation/lowered-cpp/interpolate/interpolate.halide_generated.cpp:10602:19
interpolate,cxx_default_on_emitted_cpp,5eb72c8d,1,6,cxx_eq_to_ne,interpolate.halide_generated.cpp,11764,28,generator_specific,0,0,1,,,test2_golden,0,1.553,cxx_eq_to_ne:/mnt/scratch1/ardi/dsl_mut/HM-armc/mutation/lowered-cpp/interpolate/interpolate.halide_generated.cpp:11764:28
interpolate,cxx_default_on_emitted_cpp,5eb72c8d,1,6,cxx_add_to_sub,interpolate.halide_generated.cpp,7061,38,generator_specific,0,0,1,,,test2_golden,0,2.868,cxx_add_to_sub:/mnt/scratch1/ardi/dsl_mut/HM-armc/mutation/lowered-cpp/interpolate/interpolate.halide_generated.cpp:7061:38
interpolate,cxx_default_on_emitted_cpp,5eb72c8d,1,6,cxx_add_to_sub,interpolate.halide_generated.cpp,7343,37,generator_specific,0,0,0,,,,0,2.873,cxx_add_to_sub:/mnt/scratch1/ardi/dsl_mut/HM-armc/mutation/lowered-cpp/interpolate/interpolate.halide_generated.cpp:7343:37
interpolate,cxx_default_on_emitted_cpp,5eb72c8d,1,6,cxx_sub_to_add,interpolate.halide_generated.cpp,4286,27,generator_specific,0,0,1,,,test2_golden,0,2.967,cxx_sub_to_add:/mnt/scratch1/ardi/dsl_mut/HM-armc/mutation/lowered-cpp/interpolate/interpolate.halide_generated.cpp:4286:27
interpolate,cxx_default_on_emitted_cpp,5eb72c8d,1,6,cxx_lt_to_ge,interpolate.halide_generated.cpp,7052,75,generator_specific,0,0,1,,,test2_golden,0,2.964,cxx_lt_to_ge:/mnt/scratch1/ardi/dsl_mut/HM-armc/mutation/lowered-cpp/interpolate/interpolate.halide_generated.cpp:7052:75
interpolate,cxx_default_on_emitted_cpp,5eb72c8d,1,6,cxx_mul_to_div,interpolate.halide_generated.cpp,11044,25,generator_specific,0,0,0,,,,0,3.177,cxx_mul_to_div:/mnt/scratch1/ardi/dsl_mut/HM-armc/mutation/lowered-cpp/interpolate/interpolate.halide_generated.cpp:11044:25
interpolate,cxx_default_on_emitted_cpp,5eb72c8d,1,6,cxx_add_to_sub,interpolate.halide_generated.cpp,5695,26,generator_specific,0,0,1,,,test2_golden,0,3.199,cxx_add_to_sub:/mnt/scratch1/ardi/dsl_mut/HM-armc/mutation/lowered-cpp/interpolate/interpolate.halide_generated.cpp:5695:26
interpolate,cxx_default_on_emitted_cpp,5eb72c8d,1,6,cxx_add_to_sub,interpolate.halide_generated.cpp,9278,38,generator_specific,0,0,0,,,,0,3.265,cxx_add_to_sub:/mnt/scratch1/ardi/dsl_mut/HM-armc/mutation/lowered-cpp/interpolate/interpolate.halide_generated.cpp:9278:38
interpolate,cxx_default_on_emitted_cpp,5eb72c8d,1,6,cxx_add_to_sub,interpolate.halide_generated.cpp,8697,38,generator_specific,0,0,0,,,,0,3.228,cxx_add_to_sub:/mnt/scratch1/ardi/dsl_mut/HM-armc/mutation/lowered-cpp/interpolate/interpolate.halide_generated.cpp:8697:38
interpolate,cxx_default_on_emitted_cpp,5eb72c8d,1,6,cxx_add_to_sub,interpolate.halide_generated.cpp,9192,37,generator_specific,0,0,0,,,,0,3.162,cxx_add_to_sub:/mnt/scratch1/ardi/dsl_mut/HM-armc/mutation/lowered-cpp/interpolate/interpolate.halide_generated.cpp:9192:37
interpolate,cxx_default_on_emitted_cpp,5eb72c8d,1,6,cxx_sub_to_add,interpolate.halide_generated.cpp,3949,24,generator_specific,0,0,0,,,,0,3.175,cxx_sub_to_add:/mnt/scratch1/ardi/dsl_mut/HM-armc/mutation/lowered-cpp/interpolate/interpolate.halide_generated.cpp:3949:24
interpolate,cxx_default_on_emitted_cpp,5eb72c8d,1,6,cxx_add_to_sub,interpolate.halide_generated.cpp,8536,36,generator_specific,0,0,1,,,test2_golden,0,3.410,cxx_add_to_sub:/mnt/scratch1/ardi/dsl_mut/HM-armc/mutation/lowered-cpp/interpolate/interpolate.halide_generated.cpp:8536:36
interpolate,cxx_default_on_emitted_cpp,5eb72c8d,1,6,cxx_mul_to_div,interpolate.halide_generated.cpp,4942,40,generator_specific,0,0,0,,,,0,3.052,cxx_mul_to_div:/mnt/scratch1/ardi/dsl_mut/HM-armc/mutation/lowered-cpp/interpolate/interpolate.halide_generated.cpp:4942:40
interpolate,cxx_default_on_emitted_cpp,5eb72c8d,1,6,cxx_add_to_sub,interpolate.halide_generated.cpp,10315,36,generator_specific,0,0,0,,,,0,2.911,cxx_add_to_sub:/mnt/scratch1/ardi/dsl_mut/HM-armc/mutation/lowered-cpp/interpolate/interpolate.halide_generated.cpp:10315:36
interpolate,cxx_default_on_emitted_cpp,5eb72c8d,1,6,cxx_add_to_sub,interpolate.halide_generated.cpp,8348,35,generator_specific,0,0,1,,,test2_golden,0,3.499,cxx_add_to_sub:/mnt/scratch1/ardi/dsl_mut/HM-armc/mutation/lowered-cpp/interpolate/interpolate.halide_generated.cpp:8348:35
interpolate,cxx_default_on_emitted_cpp,5eb72c8d,1,6,cxx_add_to_sub,interpolate.halide_generated.cpp,9698,90,generator_specific,0,0,0,,,,0,3.501,cxx_add_to_sub:/mnt/scratch1/ardi/dsl_mut/HM-armc/mutation/lowered-cpp/interpolate/interpolate.halide_generated.cpp:9698:90
interpolate,cxx_default_on_emitted_cpp,5eb72c8d,1,6,cxx_add_to_sub,interpolate.halide_generated.cpp,9152,37,generator_specific,0,0,0,,,,0,2.862,cxx_add_to_sub:/mnt/scratch1/ardi/dsl_mut/HM-armc/mutation/lowered-cpp/interpolate/interpolate.halide_generated.cpp:9152:37
interpolate,cxx_default_on_emitted_cpp,5eb72c8d,1,6,cxx_add_to_sub,interpolate.halide_generated.cpp,4680,25,generator_specific,0,0,1,,,test2_golden,0,2.889,cxx_add_to_sub:/mnt/scratch1/ardi/dsl_mut/HM-armc/mutation/lowered-cpp/interpolate/interpolate.halide_generated.cpp:4680:25
interpolate,cxx_default_on_emitted_cpp,5eb72c8d,1,6,cxx_add_to_sub,interpolate.halide_generated.cpp,7992,37,generator_specific,0,0,1,,,test2_golden,0,3.166,cxx_add_to_sub:/mnt/scratch1/ardi/dsl_mut/HM-armc/mutation/lowered-cpp/interpolate/interpolate.halide_generated.cpp:7992:37
interpolate,cxx_default_on_emitted_cpp,5eb72c8d,1,6,cxx_add_to_sub,interpolate.halide_generated.cpp,12240,33,generator_specific,0,0,1,,,test2_golden,0,2.805,cxx_add_to_sub:/mnt/scratch1/ardi/dsl_mut/HM-armc/mutation/lowered-cpp/interpolate/interpolate.halide_generated.cpp:12240:33
interpolate,cxx_default_on_emitted_cpp,5eb72c8d,1,6,cxx_mul_to_div,interpolate.halide_generated.cpp,4278,26,generator_specific,-8,1,1,,,test1_demo;test2_golden,0,0.252,cxx_mul_to_div:/mnt/scratch1/ardi/dsl_mut/HM-armc/mutation/lowered-cpp/interpolate/interpolate.halide_generated.cpp:4278:26
interpolate,cxx_default_on_emitted_cpp,5eb72c8d,1,6,cxx_add_to_sub,interpolate.halide_generated.cpp,12149,33,generator_specific,0,0,0,,,,0,3.029,cxx_add_to_sub:/mnt/scratch1/ardi/dsl_mut/HM-armc/mutation/lowered-cpp/interpolate/interpolate.halide_generated.cpp:12149:33
interpolate,cxx_default_on_emitted_cpp,5eb72c8d,1,6,cxx_add_to_sub,interpolate.halide_generated.cpp,8867,26,generator_specific,0,0,0,,,,0,3.226,cxx_add_to_sub:/mnt/scratch1/ardi/dsl_mut/HM-armc/mutation/lowered-cpp/interpolate/interpolate.halide_generated.cpp:8867:26
interpolate,cxx_default_on_emitted_cpp,5eb72c8d,1,6,cxx_mul_to_div,interpolate.halide_generated.cpp,9353,36,generator_specific,0,0,0,,,,0,3.136,cxx_mul_to_div:/mnt/scratch1/ardi/dsl_mut/HM-armc/mutation/lowered-cpp/interpolate/interpolate.halide_generated.cpp:9353:36
interpolate,cxx_default_on_emitted_cpp,5eb72c8d,1,6,cxx_add_to_sub,interpolate.halide_generated.cpp,8101,36,generator_specific,0,0,0,,,,0,3.587,cxx_add_to_sub:/mnt/scratch1/ardi/dsl_mut/HM-armc/mutation/lowered-cpp/interpolate/interpolate.halide_generated.cpp:8101:36
interpolate,cxx_default_on_emitted_cpp,5eb72c8d,1,6,cxx_lt_to_ge,interpolate.halide_generated.cpp,9569,69,generator_specific,0,0,0,,,,0,3.676,cxx_lt_to_ge:/mnt/scratch1/ardi/dsl_mut/HM-armc/mutation/lowered-cpp/interpolate/interpolate.halide_generated.cpp:9569:69
interpolate,cxx_default_on_emitted_cpp,5eb72c8d,1,6,cxx_add_to_sub,interpolate.halide_generated.cpp,10317,36,generator_specific,0,0,0,,,,0,3.215,cxx_add_to_sub:/mnt/scratch1/ardi/dsl_mut/HM-armc/mutation/lowered-cpp/interpolate/interpolate.halide_generated.cpp:10317:36
interpolate,cxx_default_on_emitted_cpp,5eb72c8d,1,6,cxx_mul_to_div,interpolate.halide_generated.cpp,8950,29,generator_specific,0,0,0,,,,0,3.138,cxx_mul_to_div:/mnt/scratch1/ardi/dsl_mut/HM-armc/mutation/lowered-cpp/interpolate/interpolate.halide_generated.cpp:8950:29
interpolate,cxx_default_on_emitted_cpp,5eb72c8d,1,6,cxx_lt_to_ge,interpolate.halide_generated.cpp,9455,69,generator_specific,0,0,1,,,test2_golden,0,3.090,cxx_lt_to_ge:/mnt/scratch1/ardi/dsl_mut/HM-armc/mutation/lowered-cpp/interpolate/interpolate.halide_generated.cpp:9455:69
interpolate,cxx_default_on_emitted_cpp,5eb72c8d,1,6,cxx_add_to_sub,interpolate.halide_generated.cpp,4560,24,generator_specific,0,0,0,,,,0,3.423,cxx_add_to_sub:/mnt/scratch1/ardi/dsl_mut/HM-armc/mutation/lowered-cpp/interpolate/interpolate.halide_generated.cpp:4560:24
interpolate,cxx_default_on_emitted_cpp,5eb72c8d,1,6,cxx_add_to_sub,interpolate.halide_generated.cpp,3927,26,generator_specific,0,0,0,,,,0,2.948,cxx_add_to_sub:/mnt/scratch1/ardi/dsl_mut/HM-armc/mutation/lowered-cpp/interpolate/interpolate.halide_generated.cpp:3927:26
interpolate,cxx_default_on_emitted_cpp,5eb72c8d,1,6,cxx_add_to_sub,interpolate.halide_generated.cpp,11811,32,generator_specific,-6,1,1,,,test1_demo;test2_golden,0,0.382,cxx_add_to_sub:/mnt/scratch1/ardi/dsl_mut/HM-armc/mutation/lowered-cpp/interpolate/interpolate.halide_generated.cpp:11811:32
interpolate,cxx_default_on_emitted_cpp,5eb72c8d,1,6,cxx_lt_to_le,interpolate.halide_generated.cpp,6809,28,generator_specific,0,0,0,,,,0,3.554,cxx_lt_to_le:/mnt/scratch1/ardi/dsl_mut/HM-armc/mutation/lowered-cpp/interpolate/interpolate.halide_generated.cpp:6809:28
interpolate,cxx_default_on_emitted_cpp,5eb72c8d,1,6,cxx_add_to_sub,interpolate.halide_generated.cpp,3974,26,generator_specific,0,0,1,,,test2_golden,0,3.449,cxx_add_to_sub:/mnt/scratch1/ardi/dsl_mut/HM-armc/mutation/lowered-cpp/interpolate/interpolate.halide_generated.cpp:3974:26
interpolate,cxx_default_on_emitted_cpp,5eb72c8d,1,6,cxx_remove_void_call,interpolate.halide_generated.cpp,7641,16,generator_specific,0,0,1,,,test2_golden,0,3.204,cxx_remove_void_call:/mnt/scratch1/ardi/dsl_mut/HM-armc/mutation/lowered-cpp/interpolate/interpolate.halide_generated.cpp:7641:16
interpolate,cxx_default_on_emitted_cpp,5eb72c8d,1,6,cxx_mul_to_div,interpolate.halide_generated.cpp,9712,37,generator_specific,0,0,0,,,,0,3.372,cxx_mul_to_div:/mnt/scratch1/ardi/dsl_mut/HM-armc/mutation/lowered-cpp/interpolate/interpolate.halide_generated.cpp:9712:37
interpolate,cxx_default_on_emitted_cpp,5eb72c8d,1,6,cxx_add_to_sub,interpolate.halide_generated.cpp,10146,36,generator_specific,0,0,0,,,,0,3.554,cxx_add_to_sub:/mnt/scratch1/ardi/dsl_mut/HM-armc/mutation/lowered-cpp/interpolate/interpolate.halide_generated.cpp:10146:36
interpolate,cxx_default_on_emitted_cpp,5eb72c8d,1,6,cxx_add_to_sub,interpolate.halide_generated.cpp,7996,79,generator_specific,0,0,1,,,test2_golden,0,3.126,cxx_add_to_sub:/mnt/scratch1/ardi/dsl_mut/HM-armc/mutation/lowered-cpp/interpolate/interpolate.halide_generated.cpp:7996:79
interpolate,cxx_default_on_emitted_cpp,5eb72c8d,1,6,cxx_gt_to_le,interpolate.halide_generated.cpp,11235,28,generator_specific,-11,1,1,,,test1_demo;test2_golden,0,0.552,cxx_gt_to_le:/mnt/scratch1/ardi/dsl_mut/HM-armc/mutation/lowered-cpp/interpolate/interpolate.halide_generated.cpp:11235:28
interpolate,cxx_default_on_emitted_cpp,5eb72c8d,1,6,cxx_replace_scalar_call,interpolate.halide_generated.cpp,10699,20,generator_specific,0,0,0,,,,0,3.354,cxx_replace_scalar_call:/mnt/scratch1/ardi/dsl_mut/HM-armc/mutation/lowered-cpp/interpolate/interpolate.halide_generated.cpp:10699:20
interpolate,cxx_default_on_emitted_cpp,5eb72c8d,1,6,cxx_add_to_sub,interpolate.halide_generated.cpp,8320,35,generator_specific,0,0,1,,,test2_golden,0,3.324,cxx_add_to_sub:/mnt/scratch1/ardi/dsl_mut/HM-armc/mutation/lowered-cpp/interpolate/interpolate.halide_generated.cpp:8320:35
interpolate,cxx_default_on_emitted_cpp,5eb72c8d,1,6,cxx_add_to_sub,interpolate.halide_generated.cpp,6307,30,generator_specific,-6,1,1,,,test1_demo;test2_golden,0,0.583,cxx_add_to_sub:/mnt/scratch1/ardi/dsl_mut/HM-armc/mutation/lowered-cpp/interpolate/interpolate.halide_generated.cpp:6307:30
interpolate,cxx_default_on_emitted_cpp,5eb72c8d,1,6,cxx_add_to_sub,interpolate.halide_generated.cpp,7516,37,generator_specific,0,0,0,,,,0,3.856,cxx_add_to_sub:/mnt/scratch1/ardi/dsl_mut/HM-armc/mutation/lowered-cpp/interpolate/interpolate.halide_generated.cpp:7516:37
interpolate,cxx_default_on_emitted_cpp,5eb72c8d,1,6,cxx_add_to_sub,interpolate.halide_generated.cpp,6559,37,generator_specific,0,0,0,,,,0,3.528,cxx_add_to_sub:/mnt/scratch1/ardi/dsl_mut/HM-armc/mutation/lowered-cpp/interpolate/interpolate.halide_generated.cpp:6559:37
interpolate,cxx_default_on_emitted_cpp,5eb72c8d,1,6,cxx_add_to_sub,interpolate.halide_generated.cpp,6884,38,generator_specific,0,0,1,,,test2_golden,0,2.671,cxx_add_to_sub:/mnt/scratch1/ardi/dsl_mut/HM-armc/mutation/lowered-cpp/interpolate/interpolate.halide_generated.cpp:6884:38
interpolate,cxx_default_on_emitted_cpp,5eb72c8d,1,6,cxx_add_to_sub,interpolate.halide_generated.cpp,10052,38,generator_specific,0,0,0,,,,0,2.968,cxx_add_to_sub:/mnt/scratch1/ardi/dsl_mut/HM-armc/mutation/lowered-cpp/interpolate/interpolate.halide_generated.cpp:10052:38
interpolate,cxx_default_on_emitted_cpp,5eb72c8d,1,6,cxx_sub_to_add,interpolate.halide_generated.cpp,5467,25,generator_specific,0,0,1,,,test2_golden,0,2.760,cxx_sub_to_add:/mnt/scratch1/ardi/dsl_mut/HM-armc/mutation/lowered-cpp/interpolate/interpolate.halide_generated.cpp:5467:25
interpolate,cxx_default_on_emitted_cpp,5eb72c8d,1,6,cxx_add_to_sub,interpolate.halide_generated.cpp,7231,37,generator_specific,-11,1,1,,,test1_demo;test2_golden,0,0.330,cxx_add_to_sub:/mnt/scratch1/ardi/dsl_mut/HM-armc/mutation/lowered-cpp/interpolate/interpolate.halide_generated.cpp:7231:37
interpolate,cxx_default_on_emitted_cpp,5eb72c8d,1,6,cxx_sub_to_add,interpolate.halide_generated.cpp,11840,32,generator_specific,0,0,1,,,test2_golden,0,3.461,cxx_sub_to_add:/mnt/scratch1/ardi/dsl_mut/HM-armc/mutation/lowered-cpp/interpolate/interpolate.halide_generated.cpp:11840:32
interpolate,cxx_default_on_emitted_cpp,5eb72c8d,1,6,cxx_post_inc_to_post_dec,interpolate.halide_generated.cpp,4649,96,generator_specific,-11,1,1,,,test1_demo;test2_golden,0,0.332,cxx_post_inc_to_post_dec:/mnt/scratch1/ardi/dsl_mut/HM-armc/mutation/lowered-cpp/interpolate/interpolate.halide_generated.cpp:4649:96
interpolate,cxx_default_on_emitted_cpp,5eb72c8d,1,6,cxx_mul_to_div,interpolate.halide_generated.cpp,9579,36,generator_specific,0,0,0,,,,0,4.238,cxx_mul_to_div:/mnt/scratch1/ardi/dsl_mut/HM-armc/mutation/lowered-cpp/interpolate/interpolate.halide_generated.cpp:9579:36
interpolate,cxx_default_on_emitted_cpp,5eb72c8d,1,6,cxx_sub_to_add,interpolate.halide_generated.cpp,6858,37,generator_specific,0,0,1,,,test2_golden,0,2.998,cxx_sub_to_add:/mnt/scratch1/ardi/dsl_mut/HM-armc/mutation/lowered-cpp/interpolate/interpolate.halide_generated.cpp:6858:37
interpolate,cxx_default_on_emitted_cpp,5eb72c8d,1,6,cxx_add_to_sub,interpolate.halide_generated.cpp,10056,38,generator_specific,0,0,0,,,,0,3.114,cxx_add_to_sub:/mnt/scratch1/ardi/dsl_mut/HM-armc/mutation/lowered-cpp/interpolate/interpolate.halide_generated.cpp:10056:38
interpolate,cxx_default_on_emitted_cpp,5eb72c8d,1,6,cxx_sub_to_add,interpolate.halide_generated.cpp,8513,35,generator_specific,0,0,1,,,test2_golden,0,4.568,cxx_sub_to_add:/mnt/scratch1/ardi/dsl_mut/HM-armc/mutation/lowered-cpp/interpolate/interpolate.halide_generated.cpp:8513:35
interpolate,cxx_default_on_emitted_cpp,5eb72c8d,1,6,cxx_add_to_sub,interpolate.halide_generated.cpp,4212,28,generator_specific,0,0,1,,,test2_golden,0,3.995,cxx_add_to_sub:/mnt/scratch1/ardi/dsl_mut/HM-armc/mutation/lowered-cpp/interpolate/interpolate.halide_generated.cpp:4212:28
interpolate,cxx_default_on_emitted_cpp,5eb72c8d,1,6,cxx_mul_to_div,interpolate.halide_generated.cpp,5356,26,generator_specific,0,0,0,,,,0,3.249,cxx_mul_to_div:/mnt/scratch1/ardi/dsl_mut/HM-armc/mutation/lowered-cpp/interpolate/interpolate.halide_generated.cpp:5356:26
interpolate,cxx_default_on_emitted_cpp,5eb72c8d,1,6,cxx_gt_to_ge,interpolate.halide_generated.cpp,9069,23,generator_specific,0,0,0,,,,0,2.836,cxx_gt_to_ge:/mnt/scratch1/ardi/dsl_mut/HM-armc/mutation/lowered-cpp/interpolate/interpolate.halide_generated.cpp:9069:23
interpolate,cxx_default_on_emitted_cpp,5eb72c8d,1,6,cxx_add_to_sub,interpolate.halide_generated.cpp,11207,26,generator_specific,0,0,0,,,,0,2.810,cxx_add_to_sub:/mnt/scratch1/ardi/dsl_mut/HM-armc/mutation/lowered-cpp/interpolate/interpolate.halide_generated.cpp:11207:26
interpolate,cxx_default_on_emitted_cpp,5eb72c8d,1,6,cxx_gt_to_le,interpolate.halide_generated.cpp,10899,23,generator_specific,0,0,0,,,,0,3.448,cxx_gt_to_le:/mnt/scratch1/ardi/dsl_mut/HM-armc/mutation/lowered-cpp/interpolate/interpolate.halide_generated.cpp:10899:23
interpolate,cxx_default_on_emitted_cpp,5eb72c8d,1,6,cxx_add_to_sub,interpolate.halide_generated.cpp,10218,38,generator_specific,0,0,1,,,test2_golden,0,3.355,cxx_add_to_sub:/mnt/scratch1/ardi/dsl_mut/HM-armc/mutation/lowered-cpp/interpolate/interpolate.halide_generated.cpp:10218:38
interpolate,cxx_default_on_emitted_cpp,5eb72c8d,1,6,cxx_sub_to_add,interpolate.halide_generated.cpp,7464,37,generator_specific,0,0,0,,,,0,3.438,cxx_sub_to_add:/mnt/scratch1/ardi/dsl_mut/HM-armc/mutation/lowered-cpp/interpolate/interpolate.halide_generated.cpp:7464:37
interpolate,cxx_default_on_emitted_cpp,5eb72c8d,1,6,cxx_replace_scalar_call,interpolate.halide_generated.cpp,10517,18,generator_specific,0,0,1,,,test2_golden,0,2.805,cxx_replace_scalar_call:/mnt/scratch1/ardi/dsl_mut/HM-armc/mutation/lowered-cpp/interpolate/interpolate.halide_generated.cpp:10517:18
interpolate,cxx_default_on_emitted_cpp,5eb72c8d,1,6,cxx_add_to_sub,interpolate.halide_generated.cpp,5705,26,generator_specific,0,0,1,,,test2_golden,0,3.303,cxx_add_to_sub:/mnt/scratch1/ardi/dsl_mut/HM-armc/mutation/lowered-cpp/interpolate/interpolate.halide_generated.cpp:5705:26
interpolate,cxx_default_on_emitted_cpp,5eb72c8d,1,6,cxx_add_to_sub,interpolate.halide_generated.cpp,8450,35,generator_specific,0,0,1,,,test2_golden,0,3.176,cxx_add_to_sub:/mnt/scratch1/ardi/dsl_mut/HM-armc/mutation/lowered-cpp/interpolate/interpolate.halide_generated.cpp:8450:35
interpolate,cxx_default_on_emitted_cpp,5eb72c8d,1,6,cxx_mul_to_div,interpolate.halide_generated.cpp,8827,35,generator_specific,0,0,0,,,,0,3.302,cxx_mul_to_div:/mnt/scratch1/ardi/dsl_mut/HM-armc/mutation/lowered-cpp/interpolate/interpolate.halide_generated.cpp:8827:35
interpolate,cxx_default_on_emitted_cpp,5eb72c8d,1,6,cxx_sub_to_add,interpolate.halide_generated.cpp,11973,33,generator_specific,0,0,1,,,test2_golden,0,3.090,cxx_sub_to_add:/mnt/scratch1/ardi/dsl_mut/HM-armc/mutation/lowered-cpp/interpolate/interpolate.halide_generated.cpp:11973:33
interpolate,cxx_default_on_emitted_cpp,5eb72c8d,1,6,cxx_add_to_sub,interpolate.halide_generated.cpp,5085,25,generator_specific,0,0,1,,,test2_golden,0,2.741,cxx_add_to_sub:/mnt/scratch1/ardi/dsl_mut/HM-armc/mutation/lowered-cpp/interpolate/interpolate.halide_generated.cpp:5085:25
interpolate,cxx_default_on_emitted_cpp,5eb72c8d,1,6,cxx_remove_void_call,interpolate.halide_generated.cpp,6063,2,generator_specific,0,0,0,,,,0,3.107,cxx_remove_void_call:/mnt/scratch1/ardi/dsl_mut/HM-armc/mutation/lowered-cpp/interpolate/interpolate.halide_generated.cpp:6063:2
interpolate,cxx_default_on_emitted_cpp,5eb72c8d,1,6,cxx_sub_to_add,interpolate.halide_generated.cpp,9602,37,generator_specific,0,0,0,,,,0,2.876,cxx_sub_to_add:/mnt/scratch1/ardi/dsl_mut/HM-armc/mutation/lowered-cpp/interpolate/interpolate.halide_generated.cpp:9602:37
interpolate,cxx_default_on_emitted_cpp,5eb72c8d,1,6,cxx_add_to_sub,interpolate.halide_generated.cpp,12255,33,generator_specific,0,0,0,,,,0,3.832,cxx_add_to_sub:/mnt/scratch1/ardi/dsl_mut/HM-armc/mutation/lowered-cpp/interpolate/interpolate.halide_generated.cpp:12255:33
interpolate,cxx_default_on_emitted_cpp,5eb72c8d,1,6,cxx_mul_to_div,interpolate.halide_generated.cpp,10521,24,generator_specific,0,0,1,,,test2_golden,0,3.488,cxx_mul_to_div:/mnt/scratch1/ardi/dsl_mut/HM-armc/mutation/lowered-cpp/interpolate/interpolate.halide_generated.cpp:10521:24
interpolate,cxx_default_on_emitted_cpp,5eb72c8d,1,6,cxx_sub_to_add,interpolate.halide_generated.cpp,12301,33,generator_specific,0,0,1,,,test2_golden,0,2.364,cxx_sub_to_add:/mnt/scratch1/ardi/dsl_mut/HM-armc/mutation/lowered-cpp/interpolate/interpolate.halide_generated.cpp:12301:33
interpolate,cxx_default_on_emitted_cpp,5eb72c8d,1,6,cxx_lt_to_ge,interpolate.halide_generated.cpp,5340,62,generator_specific,0,0,0,,,,0,3.199,cxx_lt_to_ge:/mnt/scratch1/ardi/dsl_mut/HM-armc/mutation/lowered-cpp/interpolate/interpolate.halide_generated.cpp:5340:62
interpolate,cxx_default_on_emitted_cpp,5eb72c8d,1,6,cxx_add_to_sub,interpolate.halide_generated.cpp,11055,25,generator_specific,0,0,1,,,test2_golden,0,3.025,cxx_add_to_sub:/mnt/scratch1/ardi/dsl_mut/HM-armc/mutation/lowered-cpp/interpolate/interpolate.halide_generated.cpp:11055:25
interpolate,cxx_default_on_emitted_cpp,5eb72c8d,1,6,cxx_add_to_sub,interpolate.halide_generated.cpp,5185,26,generator_specific,0,0,0,,,,0,3.175,cxx_add_to_sub:/mnt/scratch1/ardi/dsl_mut/HM-armc/mutation/lowered-cpp/interpolate/interpolate.halide_generated.cpp:5185:26
interpolate,cxx_default_on_emitted_cpp,5eb72c8d,1,6,cxx_add_to_sub,interpolate.halide_generated.cpp,10569,24,generator_specific,0,0,0,,,,0,3.080,cxx_add_to_sub:/mnt/scratch1/ardi/dsl_mut/HM-armc/mutation/lowered-cpp/interpolate/interpolate.halide_generated.cpp:10569:24
interpolate,cxx_default_on_emitted_cpp,5eb72c8d,1,6,cxx_mul_to_div,interpolate.halide_generated.cpp,6357,60,generator_specific,0,0,1,,,test2_golden,0,3.077,cxx_mul_to_div:/mnt/scratch1/ardi/dsl_mut/HM-armc/mutation/lowered-cpp/interpolate/interpolate.halide_generated.cpp:6357:60
interpolate,cxx_default_on_emitted_cpp,5eb72c8d,1,6,cxx_add_to_sub,interpolate.halide_generated.cpp,7025,90,generator_specific,0,0,1,,,test2_golden,0,3.075,cxx_add_to_sub:/mnt/scratch1/ardi/dsl_mut/HM-armc/mutation/lowered-cpp/interpolate/interpolate.halide_generated.cpp:7025:90
interpolate,cxx_default_on_emitted_cpp,5eb72c8d,1,6,cxx_add_to_sub,interpolate.halide_generated.cpp,9718,37,generator_specific,0,0,0,,,,0,3.248,cxx_add_to_sub:/mnt/scratch1/ardi/dsl_mut/HM-armc/mutation/lowered-cpp/interpolate/interpolate.halide_generated.cpp:9718:37
interpolate,cxx_default_on_emitted_cpp,5eb72c8d,1,6,cxx_add_to_sub,interpolate.halide_generated.cpp,5104,27,generator_specific,0,0,1,,,test2_golden,0,3.170,cxx_add_to_sub:/mnt/scratch1/ardi/dsl_mut/HM-armc/mutation/lowered-cpp/interpolate/interpolate.halide_generated.cpp:5104:27
interpolate,cxx_default_on_emitted_cpp,5eb72c8d,1,6,cxx_replace_scalar_call,interpolate.halide_generated.cpp,10483,18,generator_specific,0,0,0,,,,0,3.109,cxx_replace_scalar_call:/mnt/scratch1/ardi/dsl_mut/HM-armc/mutation/lowered-cpp/interpolate/interpolate.halide_generated.cpp:10483:18
interpolate,cxx_default_on_emitted_cpp,5eb72c8d,1,6,cxx_mul_to_div,interpolate.halide_generated.cpp,6834,51,generator_specific,0,0,1,,,test2_golden,0,3.248,cxx_mul_to_div:/mnt/scratch1/ardi/dsl_mut/HM-armc/mutation/lowered-cpp/interpolate/interpolate.halide_generated.cpp:6834:51
interpolate,cxx_default_on_emitted_cpp,5eb72c8d,1,6,cxx_lt_to_ge,interpolate.halide_generated.cpp,5287,62,generator_specific,0,0,1,,,test2_golden,0,3.475,cxx_lt_to_ge:/mnt/scratch1/ardi/dsl_mut/HM-armc/mutation/lowered-cpp/interpolate/interpolate.halide_generated.cpp:5287:62
interpolate,cxx_default_on_emitted_cpp,5eb72c8d,1,6,cxx_mul_to_div,interpolate.halide_generated.cpp,7394,37,generator_specific,0,0,1,,,test2_golden,0,3.081,cxx_mul_to_div:/mnt/scratch1/ardi/dsl_mut/HM-armc/mutation/lowered-cpp/interpolate/interpolate.halide_generated.cpp:7394:37
interpolate,cxx_default_on_emitted_cpp,5eb72c8d,1,6,cxx_sub_to_add,interpolate.halide_generated.cpp,3843,23,generator_specific,0,0,0,,,,0,3.200,cxx_sub_to_add:/mnt/scratch1/ardi/dsl_mut/HM-armc/mutation/lowered-cpp/interpolate/interpolate.halide_generated.cpp:3843:23
interpolate,cxx_default_on_emitted_cpp,5eb72c8d,1,6,cxx_add_to_sub,interpolate.halide_generated.cpp,6633,49,generator_specific,-11,1,1,,,test1_demo;test2_golden,0,0.310,cxx_add_to_sub:/mnt/scratch1/ardi/dsl_mut/HM-armc/mutation/lowered-cpp/interpolate/interpolate.halide_generated.cpp:6633:49
interpolate,cxx_default_on_emitted_cpp,5eb72c8d,1,6,cxx_sub_to_add,interpolate.halide_generated.cpp,11493,29,generator_specific,0,0,1,,,test2_golden,0,3.347,cxx_sub_to_add:/mnt/scratch1/ardi/dsl_mut/HM-armc/mutation/lowered-cpp/interpolate/interpolate.halide_generated.cpp:11493:29
interpolate,cxx_default_on_emitted_cpp,5eb72c8d,1,6,cxx_add_to_sub,interpolate.halide_generated.cpp,10024,37,generator_specific,0,0,0,,,,0,3.941,cxx_add_to_sub:/mnt/scratch1/ardi/dsl_mut/HM-armc/mutation/lowered-cpp/interpolate/interpolate.halide_generated.cpp:10024:37
interpolate,cxx_default_on_emitted_cpp,5eb72c8d,1,6,cxx_lt_to_le,interpolate.halide_generated.cpp,9497,75,generator_specific,0,0,0,,,,0,2.934,cxx_lt_to_le:/mnt/scratch1/ardi/dsl_mut/HM-armc/mutation/lowered-cpp/interpolate/interpolate.halide_generated.cpp:9497:75
interpolate,cxx_default_on_emitted_cpp,5eb72c8d,1,6,cxx_add_to_sub,interpolate.halide_generated.cpp,8769,36,generator_specific,0,0,0,,,,0,3.450,cxx_add_to_sub:/mnt/scratch1/ardi/dsl_mut/HM-armc/mutation/lowered-cpp/interpolate/interpolate.halide_generated.cpp:8769:36
interpolate,cxx_default_on_emitted_cpp,5eb72c8d,1,6,cxx_gt_to_ge,interpolate.halide_generated.cpp,8978,76,generator_specific,0,0,1,,,test2_golden,0,3.478,cxx_gt_to_ge:/mnt/scratch1/ardi/dsl_mut/HM-armc/mutation/lowered-cpp/interpolate/interpolate.halide_generated.cpp:8978:76
interpolate,cxx_default_on_emitted_cpp,5eb72c8d,1,6,cxx_mul_to_div,interpolate.halide_generated.cpp,11466,29,generator_specific,-6,1,1,,,test1_demo;test2_golden,0,0.364,cxx_mul_to_div:/mnt/scratch1/ardi/dsl_mut/HM-armc/mutation/lowered-cpp/interpolate/interpolate.halide_generated.cpp:11466:29
interpolate,cxx_default_on_emitted_cpp,5eb72c8d,1,6,cxx_sub_to_add,interpolate.halide_generated.cpp,7564,36,generator_specific,0,0,0,,,,0,3.293,cxx_sub_to_add:/mnt/scratch1/ardi/dsl_mut/HM-armc/mutation/lowered-cpp/interpolate/interpolate.halide_generated.cpp:7564:36
interpolate,cxx_default_on_emitted_cpp,5eb72c8d,1,6,cxx_add_to_sub,interpolate.halide_generated.cpp,4653,23,generator_specific,0,0,1,,,test2_golden,0,3.402,cxx_add_to_sub:/mnt/scratch1/ardi/dsl_mut/HM-armc/mutation/lowered-cpp/interpolate/interpolate.halide_generated.cpp:4653:23
interpolate,cxx_default_on_emitted_cpp,5eb72c8d,1,6,cxx_gt_to_ge,interpolate.halide_generated.cpp,10979,23,generator_specific,0,0,0,,,,0,3.866,cxx_gt_to_ge:/mnt/scratch1/ardi/dsl_mut/HM-armc/mutation/lowered-cpp/interpolate/interpolate.halide_generated.cpp:10979:23
interpolate,cxx_default_on_emitted_cpp,5eb72c8d,1,6,cxx_mul_to_div,interpolate.halide_generated.cpp,9356,51,generator_specific,0,0,0,,,,0,2.904,cxx_mul_to_div:/mnt/scratch1/ardi/dsl_mut/HM-armc/mutation/lowered-cpp/interpolate/interpolate.halide_generated.cpp:9356:51
interpolate,cxx_default_on_emitted_cpp,5eb72c8d,1,6,cxx_post_inc_to_post_dec,interpolate.halide_generated.cpp,9569,98,generator_specific,0,0,1,,,test2_golden,0,2.953,cxx_post_inc_to_post_dec:/mnt/scratch1/ardi/dsl_mut/HM-armc/mutation/lowered-cpp/interpolate/interpolate.halide_generated.cpp:9569:98
interpolate,cxx_default_on_emitted_cpp,5eb72c8d,1,6,cxx_add_to_sub,interpolate.halide_generated.cpp,9200,37,generator_specific,0,0,0,,,,0,3.373,cxx_add_to_sub:/mnt/scratch1/ardi/dsl_mut/HM-armc/mutation/lowered-cpp/interpolate/interpolate.halide_generated.cpp:9200:37
interpolate,cxx_default_on_emitted_cpp,5eb72c8d,1,6,cxx_post_inc_to_post_dec,interpolate.halide_generated.cpp,4872,85,generator_specific,-11,1,1,,,test1_demo;test2_golden,0,0.297,cxx_post_inc_to_post_dec:/mnt/scratch1/ardi/dsl_mut/HM-armc/mutation/lowered-cpp/interpolate/interpolate.halide_generated.cpp:4872:85
interpolate,cxx_default_on_emitted_cpp,5eb72c8d,1,6,cxx_add_to_sub,interpolate.halide_generated.cpp,7999,38,generator_specific,0,0,0,,,,0,3.139,cxx_add_to_sub:/mnt/scratch1/ardi/dsl_mut/HM-armc/mutation/lowered-cpp/interpolate/interpolate.halide_generated.cpp:7999:38
interpolate,cxx_default_on_emitted_cpp,5eb72c8d,1,6,cxx_add_to_sub,interpolate.halide_generated.cpp,11936,32,generator_specific,-11,1,1,,,test1_demo;test2_golden,0,0.379,cxx_add_to_sub:/mnt/scratch1/ardi/dsl_mut/HM-armc/mutation/lowered-cpp/interpolate/interpolate.halide_generated.cpp:11936:32
interpolate,cxx_default_on_emitted_cpp,5eb72c8d,1,6,cxx_lt_to_ge,interpolate.halide_generated.cpp,9724,75,generator_specific,0,0,0,,,,0,2.973,cxx_lt_to_ge:/mnt/scratch1/ardi/dsl_mut/HM-armc/mutation/lowered-cpp/interpolate/interpolate.halide_generated.cpp:9724:75
interpolate,cxx_default_on_emitted_cpp,5eb72c8d,1,6,cxx_mul_to_div,interpolate.halide_generated.cpp,8339,35,generator_specific,0,0,1,,,test2_golden,0,3.745,cxx_mul_to_div:/mnt/scratch1/ardi/dsl_mut/HM-armc/mutation/lowered-cpp/interpolate/interpolate.halide_generated.cpp:8339:35
interpolate,cxx_default_on_emitted_cpp,5eb72c8d,1,6,cxx_gt_to_le,interpolate.halide_generated.cpp,6383,79,generator_specific,-6,1,1,,,test1_demo;test2_golden,0,0.446,cxx_gt_to_le:/mnt/scratch1/ardi/dsl_mut/HM-armc/mutation/lowered-cpp/interpolate/interpolate.halide_generated.cpp:6383:79
interpolate,cxx_default_on_emitted_cpp,5eb72c8d,1,6,cxx_add_to_sub,interpolate.halide_generated.cpp,4721,25,generator_specific,0,0,1,,,test2_golden,0,3.462,cxx_add_to_sub:/mnt/scratch1/ardi/dsl_mut/HM-armc/mutation/lowered-cpp/interpolate/interpolate.halide_generated.cpp:4721:25
interpolate,cxx_default_on_emitted_cpp,5eb72c8d,1,6,cxx_add_to_sub,interpolate.halide_generated.cpp,6507,36,generator_specific,-11,1,1,,,test1_demo;test2_golden,0,0.320,cxx_add_to_sub:/mnt/scratch1/ardi/dsl_mut/HM-armc/mutation/lowered-cpp/interpolate/interpolate.halide_generated.cpp:6507:36
interpolate,cxx_default_on_emitted_cpp,5eb72c8d,1,6,cxx_mul_to_div,interpolate.halide_generated.cpp,6603,37,generator_specific,0,0,1,,,test2_golden,0,3.150,cxx_mul_to_div:/mnt/scratch1/ardi/dsl_mut/HM-armc/mutation/lowered-cpp/interpolate/interpolate.halide_generated.cpp:6603:37
interpolate,cxx_default_on_emitted_cpp,5eb72c8d,1,6,cxx_remove_void_call,interpolate.halide_generated.cpp,4434,2,generator_specific,0,0,0,,,,0,3.107,cxx_remove_void_call:/mnt/scratch1/ardi/dsl_mut/HM-armc/mutation/lowered-cpp/interpolate/interpolate.halide_generated.cpp:4434:2
interpolate,cxx_default_on_emitted_cpp,5eb72c8d,1,6,cxx_ne_to_eq,interpolate.halide_generated.cpp,11008,23,generator_specific,-6,1,1,,,test1_demo;test2_golden,0,0.258,cxx_ne_to_eq:/mnt/scratch1/ardi/dsl_mut/HM-armc/mutation/lowered-cpp/interpolate/interpolate.halide_generated.cpp:11008:23
interpolate,cxx_default_on_emitted_cpp,5eb72c8d,1,6,cxx_add_to_sub,interpolate.halide_generated.cpp,9934,37,generator_specific,0,0,0,,,,0,3.115,cxx_add_to_sub:/mnt/scratch1/ardi/dsl_mut/HM-armc/mutation/lowered-cpp/interpolate/interpolate.halide_generated.cpp:9934:37
interpolate,cxx_default_on_emitted_cpp,5eb72c8d,1,6,cxx_lt_to_le,interpolate.halide_generated.cpp,7902,69,generator_specific,-6,1,1,,,test1_demo;test2_golden,0,0.638,cxx_lt_to_le:/mnt/scratch1/ardi/dsl_mut/HM-armc/mutation/lowered-cpp/interpolate/interpolate.halide_generated.cpp:7902:69
interpolate,cxx_default_on_emitted_cpp,5eb72c8d,1,6,cxx_add_to_sub,interpolate.halide_generated.cpp,10175,36,generator_specific,0,0,1,,,test2_golden,0,3.390,cxx_add_to_sub:/mnt/scratch1/ardi/dsl_mut/HM-armc/mutation/lowered-cpp/interpolate/interpolate.halide_generated.cpp:10175:36
interpolate,cxx_default_on_emitted_cpp,5eb72c8d,1,6,cxx_replace_scalar_call,interpolate.halide_generated.cpp,10584,18,generator_specific,-6,1,1,,,test1_demo;test2_golden,0,0.245,cxx_replace_scalar_call:/mnt/scratch1/ardi/dsl_mut/HM-armc/mutation/lowered-cpp/interpolate/interpolate.halide_generated.cpp:10584:18
interpolate,cxx_default_on_emitted_cpp,5eb72c8d,1,6,cxx_mul_to_div,interpolate.halide_generated.cpp,7039,37,generator_specific,0,0,1,,,test2_golden,0,2.929,cxx_mul_to_div:/mnt/scratch1/ardi/dsl_mut/HM-armc/mutation/lowered-cpp/interpolate/interpolate.halide_generated.cpp:7039:37
interpolate,cxx_default_on_emitted_cpp,5eb72c8d,1,6,cxx_add_to_sub,interpolate.halide_generated.cpp,4965,29,generator_specific,0,0,0,,,,0,3.388,cxx_add_to_sub:/mnt/scratch1/ardi/dsl_mut/HM-armc/mutation/lowered-cpp/interpolate/interpolate.halide_generated.cpp:4965:29
interpolate,cxx_default_on_emitted_cpp,5eb72c8d,1,6,cxx_add_to_sub,interpolate.halide_generated.cpp,4270,24,generator_specific,-11,1,1,,,test1_demo;test2_golden,0,0.243,cxx_add_to_sub:/mnt/scratch1/ardi/dsl_mut/HM-armc/mutation/lowered-cpp/interpolate/interpolate.halide_generated.cpp:4270:24
interpolate,cxx_default_on_emitted_cpp,5eb72c8d,1,6,cxx_add_to_sub,interpolate.halide_generated.cpp,12152,33,generator_specific,0,0,0,,,,0,3.792,cxx_add_to_sub:/mnt/scratch1/ardi/dsl_mut/HM-armc/mutation/lowered-cpp/interpolate/interpolate.halide_generated.cpp:12152:33
interpolate,cxx_default_on_emitted_cpp,5eb72c8d,1,6,cxx_sub_to_add,interpolate.halide_generated.cpp,11102,26,generator_specific,0,0,1,,,test2_golden,0,3.103,cxx_sub_to_add:/mnt/scratch1/ardi/dsl_mut/HM-armc/mutation/lowered-cpp/interpolate/interpolate.halide_generated.cpp:11102:26
interpolate,cxx_default_on_emitted_cpp,5eb72c8d,1,6,cxx_replace_scalar_call,interpolate.halide_generated.cpp,10723,19,generator_specific,0,0,1,,,test2_golden,0,1.335,cxx_replace_scalar_call:/mnt/scratch1/ardi/dsl_mut/HM-armc/mutation/lowered-cpp/interpolate/interpolate.halide_generated.cpp:10723:19
interpolate,cxx_default_on_emitted_cpp,5eb72c8d,1,6,cxx_remove_void_call,interpolate.halide_generated.cpp,5620,2,generator_specific,0,0,0,,,,0,3.435,cxx_remove_void_call:/mnt/scratch1/ardi/dsl_mut/HM-armc/mutation/lowered-cpp/interpolate/interpolate.halide_generated.cpp:5620:2
interpolate,cxx_default_on_emitted_cpp,5eb72c8d,1,6,cxx_ne_to_eq,interpolate.halide_generated.cpp,11953,33,generator_specific,-6,1,1,,,test1_demo;test2_golden,0,0.295,cxx_ne_to_eq:/mnt/scratch1/ardi/dsl_mut/HM-armc/mutation/lowered-cpp/interpolate/interpolate.halide_generated.cpp:11953:33
interpolate,cxx_default_on_emitted_cpp,5eb72c8d,1,6,cxx_lt_to_ge,interpolate.halide_generated.cpp,4275,59,generator_specific,0,0,1,,,test2_golden,0,2.885,cxx_lt_to_ge:/mnt/scratch1/ardi/dsl_mut/HM-armc/mutation/lowered-cpp/interpolate/interpolate.halide_generated.cpp:4275:59
interpolate,cxx_default_on_emitted_cpp,5eb72c8d,1,6,cxx_sub_to_add,interpolate.halide_generated.cpp,7538,35,generator_specific,-6,1,1,,,test1_demo;test2_golden,0,0.302,cxx_sub_to_add:/mnt/scratch1/ardi/dsl_mut/HM-armc/mutation/lowered-cpp/interpolate/interpolate.halide_generated.cpp:7538:35
interpolate,cxx_default_on_emitted_cpp,5eb72c8d,1,6,cxx_gt_to_ge,interpolate.halide_generated.cpp,6311,19,generator_specific,0,0,1,,,test2_golden,0,3.249,cxx_gt_to_ge:/mnt/scratch1/ardi/dsl_mut/HM-armc/mutation/lowered-cpp/interpolate/interpolate.halide_generated.cpp:6311:19
interpolate,cxx_default_on_emitted_cpp,5eb72c8d,1,6,cxx_lt_to_le,interpolate.halide_generated.cpp,6472,28,generator_specific,0,0,1,,,test2_golden,0,3.205,cxx_lt_to_le:/mnt/scratch1/ardi/dsl_mut/HM-armc/mutation/lowered-cpp/interpolate/interpolate.halide_generated.cpp:6472:28
interpolate,cxx_default_on_emitted_cpp,5eb72c8d,1,6,cxx_mul_to_div,interpolate.halide_generated.cpp,4669,24,generator_specific,-8,1,1,,,test1_demo;test2_golden,0,0.291,cxx_mul_to_div:/mnt/scratch1/ardi/dsl_mut/HM-armc/mutation/lowered-cpp/interpolate/interpolate.halide_generated.cpp:4669:24
interpolate,cxx_default_on_emitted_cpp,5eb72c8d,1,6,cxx_ne_to_eq,interpolate.halide_generated.cpp,11475,29,generator_specific,-6,1,1,,,test1_demo;test2_golden,0,0.280,cxx_ne_to_eq:/mnt/scratch1/ardi/dsl_mut/HM-armc/mutation/lowered-cpp/interpolate/interpolate.halide_generated.cpp:11475:29
interpolate,cxx_default_on_emitted_cpp,5eb72c8d,1,6,cxx_add_to_sub,interpolate.halide_generated.cpp,5487,27,generator_specific,0,0,1,,,test2_golden,0,3.162,cxx_add_to_sub:/mnt/scratch1/ardi/dsl_mut/HM-armc/mutation/lowered-cpp/interpolate/interpolate.halide_generated.cpp:5487:27
interpolate,cxx_default_on_emitted_cpp,5eb72c8d,1,6,cxx_add_to_sub,interpolate.halide_generated.cpp,4182,26,generator_specific,0,0,1,,,test2_golden,0,3.188,cxx_add_to_sub:/mnt/scratch1/ardi/dsl_mut/HM-armc/mutation/lowered-cpp/interpolate/interpolate.halide_generated.cpp:4182:26
interpolate,cxx_default_on_emitted_cpp,5eb72c8d,1,6,cxx_sub_to_add,interpolate.halide_generated.cpp,7792,37,generator_specific,0,0,1,,,test2_golden,0,3.134,cxx_sub_to_add:/mnt/scratch1/ardi/dsl_mut/HM-armc/mutation/lowered-cpp/interpolate/interpolate.halide_generated.cpp:7792:37
interpolate,cxx_default_on_emitted_cpp,5eb72c8d,1,6,cxx_mul_to_div,interpolate.halide_generated.cpp,4500,24,generator_specific,0,0,1,,,test2_golden,0,3.208,cxx_mul_to_div:/mnt/scratch1/ardi/dsl_mut/HM-armc/mutation/lowered-cpp/interpolate/interpolate.halide_generated.cpp:4500:24
interpolate,cxx_default_on_emitted_cpp,5eb72c8d,1,6,cxx_replace_scalar_call,interpolate.halide_generated.cpp,5643,18,generator_specific,-6,1,1,,,test1_demo;test2_golden,0,0.310,cxx_replace_scalar_call:/mnt/scratch1/ardi/dsl_mut/HM-armc/mutation/lowered-cpp/interpolate/interpolate.halide_generated.cpp:5643:18
interpolate,cxx_default_on_emitted_cpp,5eb72c8d,1,6,cxx_add_to_sub,interpolate.halide_generated.cpp,5290,27,generator_specific,0,0,1,,,test2_golden,0,2.815,cxx_add_to_sub:/mnt/scratch1/ardi/dsl_mut/HM-armc/mutation/lowered-cpp/interpolate/interpolate.halide_generated.cpp:5290:27
interpolate,cxx_default_on_emitted_cpp,5eb72c8d,1,6,cxx_gt_to_le,interpolate.halide_generated.cpp,6402,80,generator_specific,-6,1,1,,,test1_demo;test2_golden,0,0.347,cxx_gt_to_le:/mnt/scratch1/ardi/dsl_mut/HM-armc/mutation/lowered-cpp/interpolate/interpolate.halide_generated.cpp:6402:80
interpolate,cxx_default_on_emitted_cpp,5eb72c8d,1,6,cxx_sub_to_add,interpolate.halide_generated.cpp,7653,37,generator_specific,-11,1,1,,,test1_demo;test2_golden,0,0.790,cxx_sub_to_add:/mnt/scratch1/ardi/dsl_mut/HM-armc/mutation/lowered-cpp/interpolate/interpolate.halide_generated.cpp:7653:37
interpolate,cxx_default_on_emitted_cpp,5eb72c8d,1,6,cxx_add_to_sub,interpolate.halide_generated.cpp,8428,36,generator_specific,0,0,1,,,test2_golden,0,3.928,cxx_add_to_sub:/mnt/scratch1/ardi/dsl_mut/HM-armc/mutation/lowered-cpp/interpolate/interpolate.halide_generated.cpp:8428:36
interpolate,cxx_default_on_emitted_cpp,5eb72c8d,1,6,cxx_add_to_sub,interpolate.halide_generated.cpp,5089,25,generator_specific,0,0,0,,,,0,3.133,cxx_add_to_sub:/mnt/scratch1/ardi/dsl_mut/HM-armc/mutation/lowered-cpp/interpolate/interpolate.halide_generated.cpp:5089:25
interpolate,cxx_default_on_emitted_cpp,5eb72c8d,1,6,cxx_add_to_sub,interpolate.halide_generated.cpp,5127,26,generator_specific,0,0,1,,,test2_golden,0,3.224,cxx_add_to_sub:/mnt/scratch1/ardi/dsl_mut/HM-armc/mutation/lowered-cpp/interpolate/interpolate.halide_generated.cpp:5127:26
interpolate,cxx_default_on_emitted_cpp,5eb72c8d,1,6,cxx_replace_scalar_call,interpolate.halide_generated.cpp,5138,19,generator_specific,0,0,1,,,test2_golden,0,3.095,cxx_replace_scalar_call:/mnt/scratch1/ardi/dsl_mut/HM-armc/mutation/lowered-cpp/interpolate/interpolate.halide_generated.cpp:5138:19
interpolate,cxx_default_on_emitted_cpp,5eb72c8d,1,6,cxx_add_to_sub,interpolate.halide_generated.cpp,10199,36,generator_specific,0,0,0,,,,0,3.785,cxx_add_to_sub:/mnt/scratch1/ardi/dsl_mut/HM-armc/mutation/lowered-cpp/interpolate/interpolate.halide_generated.cpp:10199:36
interpolate,cxx_default_on_emitted_cpp,5eb72c8d,1,6,cxx_add_to_sub,interpolate.halide_generated.cpp,9388,38,generator_specific,0,0,1,,,test2_golden,0,2.942,cxx_add_to_sub:/mnt/scratch1/ardi/dsl_mut/HM-armc/mutation/lowered-cpp/interpolate/interpolate.halide_generated.cpp:9388:38
interpolate,cxx_default_on_emitted_cpp,5eb72c8d,1,6,cxx_add_to_sub,interpolate.halide_generated.cpp,6223,26,generator_specific,-11,1,1,,,test1_demo;test2_golden,0,0.296,cxx_add_to_sub:/mnt/scratch1/ardi/dsl_mut/HM-armc/mutation/lowered-cpp/interpolate/interpolate.halide_generated.cpp:6223:26
interpolate,cxx_default_on_emitted_cpp,5eb72c8d,1,6,cxx_mul_to_div,interpolate.halide_generated.cpp,9242,51,generator_specific,0,0,0,,,,0,3.043,cxx_mul_to_div:/mnt/scratch1/ardi/dsl_mut/HM-armc/mutation/lowered-cpp/interpolate/interpolate.halide_generated.cpp:9242:51
interpolate,cxx_default_on_emitted_cpp,5eb72c8d,1,6,cxx_post_inc_to_post_dec,interpolate.halide_generated.cpp,9724,110,generator_specific,0,0,0,,,,0,3.024,cxx_post_inc_to_post_dec:/mnt/scratch1/ardi/dsl_mut/HM-armc/mutation/lowered-cpp/interpolate/interpolate.halide_generated.cpp:9724:110
interpolate,cxx_default_on_emitted_cpp,5eb72c8d,1,6,cxx_sub_to_add,interpolate.halide_generated.cpp,7897,35,generator_specific,0,0,1,,,test2_golden,0,2.901,cxx_sub_to_add:/mnt/scratch1/ardi/dsl_mut/HM-armc/mutation/lowered-cpp/interpolate/interpolate.halide_generated.cpp:7897:35
interpolate,cxx_default_on_emitted_cpp,5eb72c8d,1,6,cxx_lt_to_le,interpolate.halide_generated.cpp,5666,62,generator_specific,0,0,1,,,test2_golden,0,3.327,cxx_lt_to_le:/mnt/scratch1/ardi/dsl_mut/HM-armc/mutation/lowered-cpp/interpolate/interpolate.halide_generated.cpp:5666:62
interpolate,cxx_default_on_emitted_cpp,5eb72c8d,1,6,cxx_add_to_sub,interpolate.halide_generated.cpp,8916,27,generator_specific,0,0,0,,,,0,3.922,cxx_add_to_sub:/mnt/scratch1/ardi/dsl_mut/HM-armc/mutation/lowered-cpp/interpolate/interpolate.halide_generated.cpp:8916:27
interpolate,cxx_default_on_emitted_cpp,5eb72c8d,1,6,cxx_lt_to_le,interpolate.halide_generated.cpp,4881,62,generator_specific,0,0,1,,,test2_golden,0,3.149,cxx_lt_to_le:/mnt/scratch1/ardi/dsl_mut/HM-armc/mutation/lowered-cpp/interpolate/interpolate.halide_generated.cpp:4881:62
interpolate,cxx_default_on_emitted_cpp,5eb72c8d,1,6,cxx_add_to_sub,interpolate.halide_generated.cpp,9190,37,generator_specific,0,0,0,,,,0,3.080,cxx_add_to_sub:/mnt/scratch1/ardi/dsl_mut/HM-armc/mutation/lowered-cpp/interpolate/interpolate.halide_generated.cpp:9190:37
interpolate,cxx_default_on_emitted_cpp,5eb72c8d,1,6,cxx_add_to_sub,interpolate.halide_generated.cpp,5558,26,generator_specific,0,0,0,,,,0,3.117,cxx_add_to_sub:/mnt/scratch1/ardi/dsl_mut/HM-armc/mutation/lowered-cpp/interpolate/interpolate.halide_generated.cpp:5558:26
interpolate,cxx_default_on_emitted_cpp,5eb72c8d,1,6,cxx_mul_to_div,interpolate.halide_generated.cpp,7044,37,generator_specific,0,0,1,,,test2_golden,0,3.648,cxx_mul_to_div:/mnt/scratch1/ardi/dsl_mut/HM-armc/mutation/lowered-cpp/interpolate/interpolate.halide_generated.cpp:7044:37
interpolate,cxx_default_on_emitted_cpp,5eb72c8d,1,6,cxx_add_to_sub,interpolate.halide_generated.cpp,6967,38,generator_specific,0,0,1,,,test2_golden,0,2.953,cxx_add_to_sub:/mnt/scratch1/ardi/dsl_mut/HM-armc/mutation/lowered-cpp/interpolate/interpolate.halide_generated.cpp:6967:38
interpolate,cxx_default_on_emitted_cpp,5eb72c8d,1,6,cxx_le_to_lt,interpolate.halide_generated.cpp,10696,18,generator_specific,0,0,1,,,test2_golden,0,3.181,cxx_le_to_lt:/mnt/scratch1/ardi/dsl_mut/HM-armc/mutation/lowered-cpp/interpolate/interpolate.halide_generated.cpp:10696:18
interpolate,cxx_default_on_emitted_cpp,5eb72c8d,1,6,cxx_add_to_sub,interpolate.halide_generated.cpp,10328,36,generator_specific,0,0,0,,,,0,2.732,cxx_add_to_sub:/mnt/scratch1/ardi/dsl_mut/HM-armc/mutation/lowered-cpp/interpolate/interpolate.halide_generated.cpp:10328:36
interpolate,cxx_default_on_emitted_cpp,5eb72c8d,1,6,cxx_sub_to_add,interpolate.halide_generated.cpp,10327,35,generator_specific,0,0,0,,,,0,3.171,cxx_sub_to_add:/mnt/scratch1/ardi/dsl_mut/HM-armc/mutation/lowered-cpp/interpolate/interpolate.halide_generated.cpp:10327:35
interpolate,cxx_default_on_emitted_cpp,5eb72c8d,1,6,cxx_add_to_sub,interpolate.halide_generated.cpp,10744,25,generator_specific,0,0,0,,,,0,3.342,cxx_add_to_sub:/mnt/scratch1/ardi/dsl_mut/HM-armc/mutation/lowered-cpp/interpolate/interpolate.halide_generated.cpp:10744:25
interpolate,cxx_default_on_emitted_cpp,5eb72c8d,1,6,cxx_mul_to_div,interpolate.halide_generated.cpp,9253,37,generator_specific,0,0,1,,,test2_golden,0,3.401,cxx_mul_to_div:/mnt/scratch1/ardi/dsl_mut/HM-armc/mutation/lowered-cpp/interpolate/interpolate.halide_generated.cpp:9253:37
interpolate,cxx_default_on_emitted_cpp,5eb72c8d,1,6,cxx_add_to_sub,interpolate.halide_generated.cpp,12049,34,generator_specific,0,0,0,,,,0,3.098,cxx_add_to_sub:/mnt/scratch1/ardi/dsl_mut/HM-armc/mutation/lowered-cpp/interpolate/interpolate.halide_generated.cpp:12049:34
interpolate,cxx_default_on_emitted_cpp,5eb72c8d,1,6,cxx_add_to_sub,interpolate.halide_generated.cpp,11795,31,generator_specific,0,0,1,,,test2_golden,0,2.936,cxx_add_to_sub:/mnt/scratch1/ardi/dsl_mut/HM-armc/mutation/lowered-cpp/interpolate/interpolate.halide_generated.cpp:11795:31
interpolate,cxx_default_on_emitted_cpp,5eb72c8d,1,6,cxx_gt_to_le,interpolate.halide_generated.cpp,11236,16,generator_specific,-6,1,1,,,test1_demo;test2_golden,0,0.304,cxx_gt_to_le:/mnt/scratch1/ardi/dsl_mut/HM-armc/mutation/lowered-cpp/interpolate/interpolate.halide_generated.cpp:11236:16
interpolate,cxx_default_on_emitted_cpp,5eb72c8d,1,6,cxx_add_to_sub,interpolate.halide_generated.cpp,7946,38,generator_specific,-11,1,1,,,test1_demo;test2_golden,0,0.450,cxx_add_to_sub:/mnt/scratch1/ardi/dsl_mut/HM-armc/mutation/lowered-cpp/interpolate/interpolate.halide_generated.cpp:7946:38
interpolate,cxx_default_on_emitted_cpp,5eb72c8d,1,6,cxx_add_to_sub,interpolate.halide_generated.cpp,4326,26,generator_specific,0,0,1,,,test2_golden,0,3.010,cxx_add_to_sub:/mnt/scratch1/ardi/dsl_mut/HM-armc/mutation/lowered-cpp/interpolate/interpolate.halide_generated.cpp:4326:26
interpolate,cxx_default_on_emitted_cpp,5eb72c8d,1,6,cxx_mul_to_div,interpolate.halide_generated.cpp,5329,26,generator_specific,0,0,1,,,test2_golden,0,3.243,cxx_mul_to_div:/mnt/scratch1/ardi/dsl_mut/HM-armc/mutation/lowered-cpp/interpolate/interpolate.halide_generated.cpp:5329:26
interpolate,cxx_default_on_emitted_cpp,5eb72c8d,1,6,cxx_add_to_sub,interpolate.halide_generated.cpp,7982,38,generator_specific,-6,1,1,,,test1_demo;test2_golden,0,0.426,cxx_add_to_sub:/mnt/scratch1/ardi/dsl_mut/HM-armc/mutation/lowered-cpp/interpolate/interpolate.halide_generated.cpp:7982:38
interpolate,cxx_default_on_emitted_cpp,5eb72c8d,1,6,cxx_add_to_sub,interpolate.halide_generated.cpp,6821,35,generator_specific,0,0,1,,,test2_golden,0,3.258,cxx_add_to_sub:/mnt/scratch1/ardi/dsl_mut/HM-armc/mutation/lowered-cpp/interpolate/interpolate.halide_generated.cpp:6821:35
interpolate,cxx_default_on_emitted_cpp,5eb72c8d,1,6,cxx_remove_void_call,interpolate.halide_generated.cpp,5051,2,generator_specific,0,0,0,,,,0,2.802,cxx_remove_void_call:/mnt/scratch1/ardi/dsl_mut/HM-armc/mutation/lowered-cpp/interpolate/interpolate.halide_generated.cpp:5051:2
interpolate,cxx_default_on_emitted_cpp,5eb72c8d,1,6,cxx_add_to_sub,interpolate.halide_generated.cpp,11458,28,generator_specific,0,0,1,,,test2_golden,0,4.521,cxx_add_to_sub:/mnt/scratch1/ardi/dsl_mut/HM-armc/mutation/lowered-cpp/interpolate/interpolate.halide_generated.cpp:11458:28
interpolate,cxx_default_on_emitted_cpp,5eb72c8d,1,6,cxx_replace_scalar_call,interpolate.halide_generated.cpp,11034,19,generator_specific,0,0,1,,,test2_golden,0,3.991,cxx_replace_scalar_call:/mnt/scratch1/ardi/dsl_mut/HM-armc/mutation/lowered-cpp/interpolate/interpolate.halide_generated.cpp:11034:19
interpolate,cxx_default_on_emitted_cpp,5eb72c8d,1,6,cxx_add_to_sub,interpolate.halide_generated.cpp,5672,27,generator_specific,0,0,1,,,test2_golden,0,3.223,cxx_add_to_sub:/mnt/scratch1/ardi/dsl_mut/HM-armc/mutation/lowered-cpp/interpolate/interpolate.halide_generated.cpp:5672:27
interpolate,cxx_default_on_emitted_cpp,5eb72c8d,1,6,cxx_add_to_sub,interpolate.halide_generated.cpp,10497,24,generator_specific,0,0,1,,,test2_golden,0,2.595,cxx_add_to_sub:/mnt/scratch1/ardi/dsl_mut/HM-armc/mutation/lowered-cpp/interpolate/interpolate.halide_generated.cpp:10497:24
interpolate,cxx_default_on_emitted_cpp,5eb72c8d,1,6,cxx_replace_scalar_call,interpolate.halide_generated.cpp,11038,19,generator_specific,0,0,1,,,test2_golden,0,2.977,cxx_replace_scalar_call:/mnt/scratch1/ardi/dsl_mut/HM-armc/mutation/lowered-cpp/interpolate/interpolate.halide_generated.cpp:11038:19
interpolate,cxx_default_on_emitted_cpp,5eb72c8d,1,6,cxx_mul_to_div,interpolate.halide_generated.cpp,8924,28,generator_specific,0,0,1,,,test2_golden,0,2.943,cxx_mul_to_div:/mnt/scratch1/ardi/dsl_mut/HM-armc/mutation/lowered-cpp/interpolate/interpolate.halide_generated.cpp:8924:28
interpolate,cxx_default_on_emitted_cpp,5eb72c8d,1,6,cxx_lt_to_le,interpolate.halide_generated.cpp,7371,69,generator_specific,-6,1,1,,,test1_demo;test2_golden,0,0.359,cxx_lt_to_le:/mnt/scratch1/ardi/dsl_mut/HM-armc/mutation/lowered-cpp/interpolate/interpolate.halide_generated.cpp:7371:69
interpolate,cxx_default_on_emitted_cpp,5eb72c8d,1,6,cxx_add_to_sub,interpolate.halide_generated.cpp,9614,38,generator_specific,0,0,0,,,,0,3.191,cxx_add_to_sub:/mnt/scratch1/ardi/dsl_mut/HM-armc/mutation/lowered-cpp/interpolate/interpolate.halide_generated.cpp:9614:38
interpolate,cxx_default_on_emitted_cpp,5eb72c8d,1,6,cxx_add_to_sub,interpolate.halide_generated.cpp,10322,38,generator_specific,0,0,0,,,,0,3.551,cxx_add_to_sub:/mnt/scratch1/ardi/dsl_mut/HM-armc/mutation/lowered-cpp/interpolate/interpolate.halide_generated.cpp:10322:38
interpolate,cxx_default_on_emitted_cpp,5eb72c8d,1,6,cxx_add_to_sub,interpolate.halide_generated.cpp,6958,38,generator_specific,0,0,1,,,test2_golden,0,2.724,cxx_add_to_sub:/mnt/scratch1/ardi/dsl_mut/HM-armc/mutation/lowered-cpp/interpolate/interpolate.halide_generated.cpp:6958:38
interpolate,cxx_default_on_emitted_cpp,5eb72c8d,1,6,cxx_replace_scalar_call,interpolate.halide_generated.cpp,10844,20,generator_specific,0,0,0,,,,0,3.180,cxx_replace_scalar_call:/mnt/scratch1/ardi/dsl_mut/HM-armc/mutation/lowered-cpp/interpolate/interpolate.halide_generated.cpp:10844:20
interpolate,cxx_default_on_emitted_cpp,5eb72c8d,1,6,cxx_sub_to_add,interpolate.halide_generated.cpp,10006,35,generator_specific,0,0,0,,,,0,3.152,cxx_sub_to_add:/mnt/scratch1/ardi/dsl_mut/HM-armc/mutation/lowered-cpp/interpolate/interpolate.halide_generated.cpp:10006:35
interpolate,cxx_default_on_emitted_cpp,5eb72c8d,1,6,cxx_add_to_sub,interpolate.halide_generated.cpp,11053,25,generator_specific,0,0,1,,,test2_golden,0,2.917,cxx_add_to_sub:/mnt/scratch1/ardi/dsl_mut/HM-armc/mutation/lowered-cpp/interpolate/interpolate.halide_generated.cpp:11053:25
interpolate,cxx_default_on_emitted_cpp,5eb72c8d,1,6,cxx_mul_to_div,interpolate.halide_generated.cpp,7215,37,generator_specific,0,0,1,,,test2_golden,0,3.129,cxx_mul_to_div:/mnt/scratch1/ardi/dsl_mut/HM-armc/mutation/lowered-cpp/interpolate/interpolate.halide_generated.cpp:7215:37
interpolate,cxx_default_on_emitted_cpp,5eb72c8d,1,6,cxx_replace_scalar_call,interpolate.halide_generated.cpp,11027,19,generator_specific,0,0,0,,,,0,3.602,cxx_replace_scalar_call:/mnt/scratch1/ardi/dsl_mut/HM-armc/mutation/lowered-cpp/interpolate/interpolate.halide_generated.cpp:11027:19
interpolate,cxx_default_on_emitted_cpp,5eb72c8d,1,6,cxx_sub_to_add,interpolate.halide_generated.cpp,6419,34,generator_specific,0,0,0,,,,0,2.938,cxx_sub_to_add:/mnt/scratch1/ardi/dsl_mut/HM-armc/mutation/lowered-cpp/interpolate/interpolate.halide_generated.cpp:6419:34
interpolate,cxx_default_on_emitted_cpp,5eb72c8d,1,6,cxx_add_to_sub,interpolate.halide_generated.cpp,6966,37,generator_specific,0,0,0,,,,0,2.688,cxx_add_to_sub:/mnt/scratch1/ardi/dsl_mut/HM-armc/mutation/lowered-cpp/interpolate/interpolate.halide_generated.cpp:6966:37
interpolate,cxx_default_on_emitted_cpp,5eb72c8d,1,6,cxx_add_to_sub,interpolate.halide_generated.cpp,10724,25,generator_specific,0,0,0,,,,0,4.072,cxx_add_to_sub:/mnt/scratch1/ardi/dsl_mut/HM-armc/mutation/lowered-cpp/interpolate/interpolate.halide_generated.cpp:10724:25
interpolate,cxx_default_on_emitted_cpp,5eb72c8d,1,6,cxx_add_to_sub,interpolate.halide_generated.cpp,9621,38,generator_specific,0,0,0,,,,0,3.066,cxx_add_to_sub:/mnt/scratch1/ardi/dsl_mut/HM-armc/mutation/lowered-cpp/interpolate/interpolate.halide_generated.cpp:9621:38
interpolate,cxx_default_on_emitted_cpp,5eb72c8d,1,6,cxx_add_to_sub,interpolate.halide_generated.cpp,5296,27,generator_specific,0,0,1,,,test2_golden,0,3.226,cxx_add_to_sub:/mnt/scratch1/ardi/dsl_mut/HM-armc/mutation/lowered-cpp/interpolate/interpolate.halide_generated.cpp:5296:27
interpolate,cxx_default_on_emitted_cpp,5eb72c8d,1,6,cxx_add_to_sub,interpolate.halide_generated.cpp,4901,29,generator_specific,0,0,1,,,test2_golden,0,3.539,cxx_add_to_sub:/mnt/scratch1/ardi/dsl_mut/HM-armc/mutation/lowered-cpp/interpolate/interpolate.halide_generated.cpp:4901:29
interpolate,cxx_default_on_emitted_cpp,5eb72c8d,1,6,cxx_add_to_sub,interpolate.halide_generated.cpp,8778,38,generator_specific,0,0,0,,,,0,3.069,cxx_add_to_sub:/mnt/scratch1/ardi/dsl_mut/HM-armc/mutation/lowered-cpp/interpolate/interpolate.halide_generated.cpp:8778:38
interpolate,cxx_default_on_emitted_cpp,5eb72c8d,1,6,cxx_replace_scalar_call,interpolate.halide_generated.cpp,4734,18,generator_specific,0,0,0,,,,0,2.940,cxx_replace_scalar_call:/mnt/scratch1/ardi/dsl_mut/HM-armc/mutation/lowered-cpp/interpolate/interpolate.halide_generated.cpp:4734:18
interpolate,cxx_default_on_emitted_cpp,5eb72c8d,1,6,cxx_add_to_sub,interpolate.halide_generated.cpp,5711,27,generator_specific,-11,1,1,,,test1_demo;test2_golden,0,1.251,cxx_add_to_sub:/mnt/scratch1/ardi/dsl_mut/HM-armc/mutation/lowered-cpp/interpolate/interpolate.halide_generated.cpp:5711:27
interpolate,cxx_default_on_emitted_cpp,5eb72c8d,1,6,cxx_add_to_sub,interpolate.halide_generated.cpp,7901,35,generator_specific,0,0,1,,,test2_golden,0,3.243,cxx_add_to_sub:/mnt/scratch1/ardi/dsl_mut/HM-armc/mutation/lowered-cpp/interpolate/interpolate.halide_generated.cpp:7901:35
interpolate,cxx_default_on_emitted_cpp,5eb72c8d,1,6,cxx_mul_to_div,interpolate.halide_generated.cpp,10122,49,generator_specific,0,0,0,,,,0,2.973,cxx_mul_to_div:/mnt/scratch1/ardi/dsl_mut/HM-armc/mutation/lowered-cpp/interpolate/interpolate.halide_generated.cpp:10122:49
interpolate,cxx_default_on_emitted_cpp,5eb72c8d,1,6,cxx_mul_to_div,interpolate.halide_generated.cpp,9824,37,generator_specific,0,0,0,,,,0,3.134,cxx_mul_to_div:/mnt/scratch1/ardi/dsl_mut/HM-armc/mutation/lowered-cpp/interpolate/interpolate.halide_generated.cpp:9824:37
interpolate,cxx_default_on_emitted_cpp,5eb72c8d,1,6,cxx_mul_to_div,interpolate.halide_generated.cpp,7906,36,generator_specific,-8,1,1,,,test1_demo;test2_golden,0,0.384,cxx_mul_to_div:/mnt/scratch1/ardi/dsl_mut/HM-armc/mutation/lowered-cpp/interpolate/interpolate.halide_generated.cpp:7906:36
interpolate,cxx_default_on_emitted_cpp,5eb72c8d,1,6,cxx_add_to_sub,interpolate.halide_generated.cpp,7286,37,generator_specific,0,0,0,,,,0,3.345,cxx_add_to_sub:/mnt/scratch1/ardi/dsl_mut/HM-armc/mutation/lowered-cpp/interpolate/interpolate.halide_generated.cpp:7286:37
interpolate,cxx_default_on_emitted_cpp,5eb72c8d,1,6,cxx_lt_to_ge,interpolate.halide_generated.cpp,7025,86,generator_specific,0,0,1,,,test2_golden,0,2.620,cxx_lt_to_ge:/mnt/scratch1/ardi/dsl_mut/HM-armc/mutation/lowered-cpp/interpolate/interpolate.halide_generated.cpp:7025:86
interpolate,cxx_default_on_emitted_cpp,5eb72c8d,1,6,cxx_add_to_sub,interpolate.halide_generated.cpp,4163,25,generator_specific,0,0,0,,,,0,3.128,cxx_add_to_sub:/mnt/scratch1/ardi/dsl_mut/HM-armc/mutation/lowered-cpp/interpolate/interpolate.halide_generated.cpp:4163:25
interpolate,cxx_default_on_emitted_cpp,5eb72c8d,1,6,cxx_replace_scalar_call,interpolate.halide_generated.cpp,10763,20,generator_specific,0,0,1,,,test2_golden,0,3.099,cxx_replace_scalar_call:/mnt/scratch1/ardi/dsl_mut/HM-armc/mutation/lowered-cpp/interpolate/interpolate.halide_generated.cpp:10763:20
interpolate,cxx_default_on_emitted_cpp,5eb72c8d,1,6,cxx_add_to_sub,interpolate.halide_generated.cpp,9378,37,generator_specific,0,0,0,,,,0,2.905,cxx_add_to_sub:/mnt/scratch1/ardi/dsl_mut/HM-armc/mutation/lowered-cpp/interpolate/interpolate.halide_generated.cpp:9378:37
interpolate,cxx_default_on_emitted_cpp,5eb72c8d,1,6,cxx_add_to_sub,interpolate.halide_generated.cpp,8604,36,generator_specific,0,0,0,,,,0,3.105,cxx_add_to_sub:/mnt/scratch1/ardi/dsl_mut/HM-armc/mutation/lowered-cpp/interpolate/interpolate.halide_generated.cpp:8604:36
interpolate,cxx_default_on_emitted_cpp,5eb72c8d,1,6,cxx_post_inc_to_post_dec,interpolate.halide_generated.cpp,3250,40,boilerplate,0,0,1,,,test2_golden,0,2.973,cxx_post_inc_to_post_dec:/mnt/scratch1/ardi/dsl_mut/HM-armc/mutation/lowered-cpp/interpolate/interpolate.halide_generated.cpp:3250:40
interpolate,cxx_default_on_emitted_cpp,5eb72c8d,1,6,cxx_add_to_sub,interpolate.halide_generated.cpp,10225,36,generator_specific,0,0,0,,,,0,3.567,cxx_add_to_sub:/mnt/scratch1/ardi/dsl_mut/HM-armc/mutation/lowered-cpp/interpolate/interpolate.halide_generated.cpp:10225:36
interpolate,cxx_default_on_emitted_cpp,5eb72c8d,1,6,cxx_mul_to_div,interpolate.halide_generated.cpp,10491,24,generator_specific,0,0,0,,,,0,2.812,cxx_mul_to_div:/mnt/scratch1/ardi/dsl_mut/HM-armc/mutation/lowered-cpp/interpolate/interpolate.halide_generated.cpp:10491:24
interpolate,cxx_default_on_emitted_cpp,5eb72c8d,1,6,cxx_remove_void_call,interpolate.halide_generated.cpp,4627,2,generator_specific,0,0,0,,,,0,2.940,cxx_remove_void_call:/mnt/scratch1/ardi/dsl_mut/HM-armc/mutation/lowered-cpp/interpolate/interpolate.halide_generated.cpp:4627:2
interpolate,cxx_default_on_emitted_cpp,5eb72c8d,1,6,cxx_add_to_sub,interpolate.halide_generated.cpp,12251,33,generator_specific,0,0,0,,,,0,3.271,cxx_add_to_sub:/mnt/scratch1/ardi/dsl_mut/HM-armc/mutation/lowered-cpp/interpolate/interpolate.halide_generated.cpp:12251:33
interpolate,cxx_default_on_emitted_cpp,5eb72c8d,1,6,cxx_add_to_sub,interpolate.halide_generated.cpp,4054,28,generator_specific,-11,1,1,,,test1_demo;test2_golden,0,0.354,cxx_add_to_sub:/mnt/scratch1/ardi/dsl_mut/HM-armc/mutation/lowered-cpp/interpolate/interpolate.halide_generated.cpp:4054:28
interpolate,cxx_default_on_emitted_cpp,5eb72c8d,1,6,cxx_sub_to_add,interpolate.halide_generated.cpp,7103,37,generator_specific,0,0,0,,,,0,4.208,cxx_sub_to_add:/mnt/scratch1/ardi/dsl_mut/HM-armc/mutation/lowered-cpp/interpolate/interpolate.halide_generated.cpp:7103:37
interpolate,cxx_default_on_emitted_cpp,5eb72c8d,1,6,cxx_add_to_sub,interpolate.halide_generated.cpp,4175,26,generator_specific,0,0,1,,,test2_golden,0,3.824,cxx_add_to_sub:/mnt/scratch1/ardi/dsl_mut/HM-armc/mutation/lowered-cpp/interpolate/interpolate.halide_generated.cpp:4175:26
interpolate,cxx_default_on_emitted_cpp,5eb72c8d,1,6,cxx_add_to_sub,interpolate.halide_generated.cpp,9959,38,generator_specific,0,0,0,,,,0,2.828,cxx_add_to_sub:/mnt/scratch1/ardi/dsl_mut/HM-armc/mutation/lowered-cpp/interpolate/interpolate.halide_generated.cpp:9959:38
interpolate,cxx_default_on_emitted_cpp,5eb72c8d,1,6,cxx_add_to_sub,interpolate.halide_generated.cpp,7156,37,generator_specific,0,0,0,,,,0,3.188,cxx_add_to_sub:/mnt/scratch1/ardi/dsl_mut/HM-armc/mutation/lowered-cpp/interpolate/interpolate.halide_generated.cpp:7156:37
interpolate,cxx_default_on_emitted_cpp,5eb72c8d,1,6,cxx_mul_to_div,interpolate.halide_generated.cpp,4232,26,generator_specific,0,0,1,,,test2_golden,0,3.112,cxx_mul_to_div:/mnt/scratch1/ardi/dsl_mut/HM-armc/mutation/lowered-cpp/interpolate/interpolate.halide_generated.cpp:4232:26
interpolate,cxx_default_on_emitted_cpp,5eb72c8d,1,6,cxx_mul_to_div,interpolate.halide_generated.cpp,7518,37,generator_specific,0,0,1,,,test2_golden,0,3.268,cxx_mul_to_div:/mnt/scratch1/ardi/dsl_mut/HM-armc/mutation/lowered-cpp/interpolate/interpolate.halide_generated.cpp:7518:37
interpolate,cxx_default_on_emitted_cpp,5eb72c8d,1,6,cxx_add_to_sub,interpolate.halide_generated.cpp,6987,49,generator_specific,-11,1,1,,,test1_demo;test2_golden,0,0.399,cxx_add_to_sub:/mnt/scratch1/ardi/dsl_mut/HM-armc/mutation/lowered-cpp/interpolate/interpolate.halide_generated.cpp:6987:49
interpolate,cxx_default_on_emitted_cpp,5eb72c8d,1,6,cxx_add_to_sub,interpolate.halide_generated.cpp,6907,38,generator_specific,0,0,1,,,test2_golden,0,3.308,cxx_add_to_sub:/mnt/scratch1/ardi/dsl_mut/HM-armc/mutation/lowered-cpp/interpolate/interpolate.halide_generated.cpp:6907:38
interpolate,cxx_default_on_emitted_cpp,5eb72c8d,1,6,cxx_add_to_sub,interpolate.halide_generated.cpp,4920,26,generator_specific,0,0,1,,,test2_golden,0,2.920,cxx_add_to_sub:/mnt/scratch1/ardi/dsl_mut/HM-armc/mutation/lowered-cpp/interpolate/interpolate.halide_generated.cpp:4920:26
interpolate,cxx_default_on_emitted_cpp,5eb72c8d,1,6,cxx_add_to_sub,interpolate.halide_generated.cpp,4561,25,generator_specific,0,0,0,,,,0,2.905,cxx_add_to_sub:/mnt/scratch1/ardi/dsl_mut/HM-armc/mutation/lowered-cpp/interpolate/interpolate.halide_generated.cpp:4561:25
interpolate,cxx_default_on_emitted_cpp,5eb72c8d,1,6,cxx_add_to_sub,interpolate.halide_generated.cpp,10734,26,generator_specific,0,0,0,,,,0,3.002,cxx_add_to_sub:/mnt/scratch1/ardi/dsl_mut/HM-armc/mutation/lowered-cpp/interpolate/interpolate.halide_generated.cpp:10734:26
interpolate,cxx_default_on_emitted_cpp,5eb72c8d,1,6,cxx_add_to_sub,interpolate.halide_generated.cpp,11808,32,generator_specific,-6,1,1,,,test1_demo;test2_golden,0,0.294,cxx_add_to_sub:/mnt/scratch1/ardi/dsl_mut/HM-armc/mutation/lowered-cpp/interpolate/interpolate.halide_generated.cpp:11808:32
interpolate,cxx_default_on_emitted_cpp,5eb72c8d,1,6,cxx_replace_scalar_call,interpolate.halide_generated.cpp,5518,19,generator_specific,0,0,1,,,test2_golden,0,3.225,cxx_replace_scalar_call:/mnt/scratch1/ardi/dsl_mut/HM-armc/mutation/lowered-cpp/interpolate/interpolate.halide_generated.cpp:5518:19
interpolate,cxx_default_on_emitted_cpp,5eb72c8d,1,6,cxx_mul_to_div,interpolate.halide_generated.cpp,7976,37,generator_specific,0,0,1,,,test2_golden,0,3.535,cxx_mul_to_div:/mnt/scratch1/ardi/dsl_mut/HM-armc/mutation/lowered-cpp/interpolate/interpolate.halide_generated.cpp:7976:37
interpolate,cxx_default_on_emitted_cpp,5eb72c8d,1,6,cxx_add_to_sub,interpolate.halide_generated.cpp,7299,37,generator_specific,-6,1,1,,,test1_demo;test2_golden,0,0.342,cxx_add_to_sub:/mnt/scratch1/ardi/dsl_mut/HM-armc/mutation/lowered-cpp/interpolate/interpolate.halide_generated.cpp:7299:37
interpolate,cxx_default_on_emitted_cpp,5eb72c8d,1,6,cxx_sub_to_add,interpolate.halide_generated.cpp,6453,34,generator_specific,0,0,0,,,,0,2.946,cxx_sub_to_add:/mnt/scratch1/ardi/dsl_mut/HM-armc/mutation/lowered-cpp/interpolate/interpolate.halide_generated.cpp:6453:34
interpolate,cxx_default_on_emitted_cpp,5eb72c8d,1,6,cxx_sub_to_add,interpolate.halide_generated.cpp,11223,26,generator_specific,0,0,1,,,test2_golden,0,3.340,cxx_sub_to_add:/mnt/scratch1/ardi/dsl_mut/HM-armc/mutation/lowered-cpp/interpolate/interpolate.halide_generated.cpp:11223:26
interpolate,cxx_default_on_emitted_cpp,5eb72c8d,1,6,cxx_add_to_sub,interpolate.halide_generated.cpp,11929,32,generator_specific,0,0,0,,,,0,3.099,cxx_add_to_sub:/mnt/scratch1/ardi/dsl_mut/HM-armc/mutation/lowered-cpp/interpolate/interpolate.halide_generated.cpp:11929:32
interpolate,cxx_default_on_emitted_cpp,5eb72c8d,1,6,cxx_add_to_sub,interpolate.halide_generated.cpp,3802,26,generator_specific,0,0,1,,,test2_golden,0,3.149,cxx_add_to_sub:/mnt/scratch1/ardi/dsl_mut/HM-armc/mutation/lowered-cpp/interpolate/interpolate.halide_generated.cpp:3802:26
interpolate,cxx_default_on_emitted_cpp,5eb72c8d,1,6,cxx_mul_to_div,interpolate.halide_generated.cpp,4132,23,generator_specific,0,0,0,,,,0,3.940,cxx_mul_to_div:/mnt/scratch1/ardi/dsl_mut/HM-armc/mutation/lowered-cpp/interpolate/interpolate.halide_generated.cpp:4132:23
interpolate,cxx_default_on_emitted_cpp,5eb72c8d,1,6,cxx_sub_to_add,interpolate.halide_generated.cpp,11262,27,generator_specific,0,0,1,,,test2_golden,0,2.357,cxx_sub_to_add:/mnt/scratch1/ardi/dsl_mut/HM-armc/mutation/lowered-cpp/interpolate/interpolate.halide_generated.cpp:11262:27
interpolate,cxx_default_on_emitted_cpp,5eb72c8d,1,6,cxx_add_to_sub,interpolate.halide_generated.cpp,3879,26,generator_specific,-6,1,1,,,test1_demo;test2_golden,0,0.307,cxx_add_to_sub:/mnt/scratch1/ardi/dsl_mut/HM-armc/mutation/lowered-cpp/interpolate/interpolate.halide_generated.cpp:3879:26
interpolate,cxx_default_on_emitted_cpp,5eb72c8d,1,6,cxx_add_to_sub,interpolate.halide_generated.cpp,5697,26,generator_specific,0,0,1,,,test2_golden,0,3.089,cxx_add_to_sub:/mnt/scratch1/ardi/dsl_mut/HM-armc/mutation/lowered-cpp/interpolate/interpolate.halide_generated.cpp:5697:26
interpolate,cxx_default_on_emitted_cpp,5eb72c8d,1,6,cxx_replace_scalar_call,interpolate.halide_generated.cpp,10463,18,generator_specific,0,0,0,,,,0,3.579,cxx_replace_scalar_call:/mnt/scratch1/ardi/dsl_mut/HM-armc/mutation/lowered-cpp/interpolate/interpolate.halide_generated.cpp:10463:18
interpolate,cxx_default_on_emitted_cpp,5eb72c8d,1,6,cxx_mul_to_div,interpolate.halide_generated.cpp,9041,32,generator_specific,0,0,0,,,,0,3.287,cxx_mul_to_div:/mnt/scratch1/ardi/dsl_mut/HM-armc/mutation/lowered-cpp/interpolate/interpolate.halide_generated.cpp:9041:32
interpolate,cxx_default_on_emitted_cpp,5eb72c8d,1,6,cxx_add_to_sub,interpolate.halide_generated.cpp,10578,24,generator_specific,0,0,0,,,,0,3.207,cxx_add_to_sub:/mnt/scratch1/ardi/dsl_mut/HM-armc/mutation/lowered-cpp/interpolate/interpolate.halide_generated.cpp:10578:24
interpolate,cxx_default_on_emitted_cpp,5eb72c8d,1,6,cxx_mul_to_div,interpolate.halide_generated.cpp,7382,36,generator_specific,0,0,1,,,test2_golden,0,2.962,cxx_mul_to_div:/mnt/scratch1/ardi/dsl_mut/HM-armc/mutation/lowered-cpp/interpolate/interpolate.halide_generated.cpp:7382:36
interpolate,cxx_default_on_emitted_cpp,5eb72c8d,1,6,cxx_lt_to_ge,interpolate.halide_generated.cpp,5098,62,generator_specific,0,0,1,,,test2_golden,0,2.612,cxx_lt_to_ge:/mnt/scratch1/ardi/dsl_mut/HM-armc/mutation/lowered-cpp/interpolate/interpolate.halide_generated.cpp:5098:62
interpolate,cxx_default_on_emitted_cpp,5eb72c8d,1,6,cxx_post_inc_to_post_dec,interpolate.halide_generated.cpp,9231,98,generator_specific,0,0,0,,,,0,3.660,cxx_post_inc_to_post_dec:/mnt/scratch1/ardi/dsl_mut/HM-armc/mutation/lowered-cpp/interpolate/interpolate.halide_generated.cpp:9231:98
interpolate,cxx_default_on_emitted_cpp,5eb72c8d,1,6,cxx_add_to_sub,interpolate.halide_generated.cpp,8487,57,generator_specific,0,0,0,,,,0,3.000,cxx_add_to_sub:/mnt/scratch1/ardi/dsl_mut/HM-armc/mutation/lowered-cpp/interpolate/interpolate.halide_generated.cpp:8487:57
interpolate,cxx_default_on_emitted_cpp,5eb72c8d,1,6,cxx_lt_to_ge,interpolate.halide_generated.cpp,5645,64,generator_specific,0,0,1,,,test2_golden,0,1.818,cxx_lt_to_ge:/mnt/scratch1/ardi/dsl_mut/HM-armc/mutation/lowered-cpp/interpolate/interpolate.halide_generated.cpp:5645:64
interpolate,cxx_default_on_emitted_cpp,5eb72c8d,1,6,cxx_add_to_sub,interpolate.halide_generated.cpp,5670,27,generator_specific,0,0,1,,,test2_golden,0,3.442,cxx_add_to_sub:/mnt/scratch1/ardi/dsl_mut/HM-armc/mutation/lowered-cpp/interpolate/interpolate.halide_generated.cpp:5670:27
interpolate,cxx_default_on_emitted_cpp,5eb72c8d,1,6,cxx_sub_to_add,interpolate.halide_generated.cpp,9929,37,generator_specific,0,0,0,,,,0,3.137,cxx_sub_to_add:/mnt/scratch1/ardi/dsl_mut/HM-armc/mutation/lowered-cpp/interpolate/interpolate.halide_generated.cpp:9929:37
interpolate,cxx_default_on_emitted_cpp,5eb72c8d,1,6,cxx_add_to_sub,interpolate.halide_generated.cpp,7277,37,generator_specific,0,0,1,,,test2_golden,0,3.436,cxx_add_to_sub:/mnt/scratch1/ardi/dsl_mut/HM-armc/mutation/lowered-cpp/interpolate/interpolate.halide_generated.cpp:7277:37
interpolate,cxx_default_on_emitted_cpp,5eb72c8d,1,6,cxx_add_to_sub,interpolate.halide_generated.cpp,8172,36,generator_specific,0,0,1,,,test2_golden,0,3.536,cxx_add_to_sub:/mnt/scratch1/ardi/dsl_mut/HM-armc/mutation/lowered-cpp/interpolate/interpolate.halide_generated.cpp:8172:36
interpolate,cxx_default_on_emitted_cpp,5eb72c8d,1,6,cxx_mul_to_div,interpolate.halide_generated.cpp,8331,35,generator_specific,0,0,1,,,test2_golden,0,3.337,cxx_mul_to_div:/mnt/scratch1/ardi/dsl_mut/HM-armc/mutation/lowered-cpp/interpolate/interpolate.halide_generated.cpp:8331:35
interpolate,cxx_default_on_emitted_cpp,5eb72c8d,1,6,cxx_sub_to_add,interpolate.halide_generated.cpp,4016,26,generator_specific,0,0,1,,,test2_golden,0,2.940,cxx_sub_to_add:/mnt/scratch1/ardi/dsl_mut/HM-armc/mutation/lowered-cpp/interpolate/interpolate.halide_generated.cpp:4016:26
interpolate,cxx_default_on_emitted_cpp,5eb72c8d,1,6,cxx_lt_to_le,interpolate.halide_generated.cpp,6655,69,generator_specific,-11,1,1,,,test1_demo;test2_golden,0,0.307,cxx_lt_to_le:/mnt/scratch1/ardi/dsl_mut/HM-armc/mutation/lowered-cpp/interpolate/interpolate.halide_generated.cpp:6655:69
interpolate,cxx_default_on_emitted_cpp,5eb72c8d,1,6,cxx_mul_to_div,interpolate.halide_generated.cpp,8780,35,generator_specific,0,0,0,,,,0,3.044,cxx_mul_to_div:/mnt/scratch1/ardi/dsl_mut/HM-armc/mutation/lowered-cpp/interpolate/interpolate.halide_generated.cpp:8780:35
interpolate,cxx_default_on_emitted_cpp,5eb72c8d,1,6,cxx_mul_to_div,interpolate.halide_generated.cpp,5134,26,generator_specific,0,0,1,,,test2_golden,0,2.901,cxx_mul_to_div:/mnt/scratch1/ardi/dsl_mut/HM-armc/mutation/lowered-cpp/interpolate/interpolate.halide_generated.cpp:5134:26
interpolate,cxx_default_on_emitted_cpp,5eb72c8d,1,6,cxx_replace_scalar_call,interpolate.halide_generated.cpp,4933,19,generator_specific,0,0,1,,,test2_golden,0,2.924,cxx_replace_scalar_call:/mnt/scratch1/ardi/dsl_mut/HM-armc/mutation/lowered-cpp/interpolate/interpolate.halide_generated.cpp:4933:19
interpolate,cxx_default_on_emitted_cpp,5eb72c8d,1,6,cxx_add_to_sub,interpolate.halide_generated.cpp,6698,79,generator_specific,0,0,0,,,,0,3.062,cxx_add_to_sub:/mnt/scratch1/ardi/dsl_mut/HM-armc/mutation/lowered-cpp/interpolate/interpolate.halide_generated.cpp:6698:79
interpolate,cxx_default_on_emitted_cpp,5eb72c8d,1,6,cxx_mul_to_div,interpolate.halide_generated.cpp,5514,26,generator_specific,0,0,1,,,test2_golden,0,3.007,cxx_mul_to_div:/mnt/scratch1/ardi/dsl_mut/HM-armc/mutation/lowered-cpp/interpolate/interpolate.halide_generated.cpp:5514:26
interpolate,cxx_default_on_emitted_cpp,5eb72c8d,1,6,cxx_add_to_sub,interpolate.halide_generated.cpp,8299,36,generator_specific,0,0,0,,,,0,2.853,cxx_add_to_sub:/mnt/scratch1/ardi/dsl_mut/HM-armc/mutation/lowered-cpp/interpolate/interpolate.halide_generated.cpp:8299:36
interpolate,cxx_default_on_emitted_cpp,5eb72c8d,1,6,cxx_add_to_sub,interpolate.halide_generated.cpp,4343,27,generator_specific,0,0,0,,,,0,3.022,cxx_add_to_sub:/mnt/scratch1/ardi/dsl_mut/HM-armc/mutation/lowered-cpp/interpolate/interpolate.halide_generated.cpp:4343:27
interpolate,cxx_default_on_emitted_cpp,5eb72c8d,1,6,cxx_add_to_sub,interpolate.halide_generated.cpp,8153,35,generator_specific,0,0,0,,,,0,3.615,cxx_add_to_sub:/mnt/scratch1/ardi/dsl_mut/HM-armc/mutation/lowered-cpp/interpolate/interpolate.halide_generated.cpp:8153:35
interpolate,cxx_default_on_emitted_cpp,5eb72c8d,1,6,cxx_mul_to_div,interpolate.halide_generated.cpp,3681,21,generator_specific,0,0,1,,,test2_golden,0,2.828,cxx_mul_to_div:/mnt/scratch1/ardi/dsl_mut/HM-armc/mutation/lowered-cpp/interpolate/interpolate.halide_generated.cpp:3681:21
interpolate,cxx_default_on_emitted_cpp,5eb72c8d,1,6,cxx_mul_to_div,interpolate.halide_generated.cpp,5703,26,generator_specific,0,0,1,,,test2_golden,0,2.975,cxx_mul_to_div:/mnt/scratch1/ardi/dsl_mut/HM-armc/mutation/lowered-cpp/interpolate/interpolate.halide_generated.cpp:5703:26
interpolate,cxx_default_on_emitted_cpp,5eb72c8d,1,6,cxx_add_to_sub,interpolate.halide_generated.cpp,12093,33,generator_specific,-6,1,1,,,test1_demo;test2_golden,0,0.331,cxx_add_to_sub:/mnt/scratch1/ardi/dsl_mut/HM-armc/mutation/lowered-cpp/interpolate/interpolate.halide_generated.cpp:12093:33
interpolate,cxx_default_on_emitted_cpp,5eb72c8d,1,6,cxx_add_to_sub,interpolate.halide_generated.cpp,8516,36,generator_specific,0,0,1,,,test2_golden,0,2.952,cxx_add_to_sub:/mnt/scratch1/ardi/dsl_mut/HM-armc/mutation/lowered-cpp/interpolate/interpolate.halide_generated.cpp:8516:36
interpolate,cxx_default_on_emitted_cpp,5eb72c8d,1,6,cxx_add_to_sub,interpolate.halide_generated.cpp,12237,33,generator_specific,0,0,1,,,test2_golden,0,2.929,cxx_add_to_sub:/mnt/scratch1/ardi/dsl_mut/HM-armc/mutation/lowered-cpp/interpolate/interpolate.halide_generated.cpp:12237:33
interpolate,cxx_default_on_emitted_cpp,5eb72c8d,1,6,cxx_mul_to_div,interpolate.halide_generated.cpp,8575,35,generator_specific,-8,1,1,,,test1_demo;test2_golden,0,0.327,cxx_mul_to_div:/mnt/scratch1/ardi/dsl_mut/HM-armc/mutation/lowered-cpp/interpolate/interpolate.halide_generated.cpp:8575:35
interpolate,cxx_default_on_emitted_cpp,5eb72c8d,1,6,cxx_add_to_sub,interpolate.halide_generated.cpp,8765,36,generator_specific,0,0,1,,,test2_golden,0,3.387,cxx_add_to_sub:/mnt/scratch1/ardi/dsl_mut/HM-armc/mutation/lowered-cpp/interpolate/interpolate.halide_generated.cpp:8765:36
interpolate,cxx_default_on_emitted_cpp,5eb72c8d,1,6,cxx_mul_to_div,interpolate.halide_generated.cpp,10319,36,generator_specific,0,0,0,,,,0,3.270,cxx_mul_to_div:/mnt/scratch1/ardi/dsl_mut/HM-armc/mutation/lowered-cpp/interpolate/interpolate.halide_generated.cpp:10319:36
interpolate,cxx_default_on_emitted_cpp,5eb72c8d,1,6,cxx_add_to_sub,interpolate.halide_generated.cpp,3846,68,generator_specific,0,0,1,,,test2_golden,0,3.136,cxx_add_to_sub:/mnt/scratch1/ardi/dsl_mut/HM-armc/mutation/lowered-cpp/interpolate/interpolate.halide_generated.cpp:3846:68
interpolate,cxx_default_on_emitted_cpp,5eb72c8d,1,6,cxx_replace_scalar_call,interpolate.halide_generated.cpp,4686,18,generator_specific,0,0,1,,,test2_golden,0,2.782,cxx_replace_scalar_call:/mnt/scratch1/ardi/dsl_mut/HM-armc/mutation/lowered-cpp/interpolate/interpolate.halide_generated.cpp:4686:18
interpolate,cxx_default_on_emitted_cpp,5eb72c8d,1,6,cxx_mul_to_div,interpolate.halide_generated.cpp,11694,31,generator_specific,-6,1,1,,,test1_demo;test2_golden,0,0.342,cxx_mul_to_div:/mnt/scratch1/ardi/dsl_mut/HM-armc/mutation/lowered-cpp/interpolate/interpolate.halide_generated.cpp:11694:31
interpolate,cxx_default_on_emitted_cpp,5eb72c8d,1,6,cxx_mul_to_div,interpolate.halide_generated.cpp,7721,35,generator_specific,-6,1,1,,,test1_demo;test2_golden,0,0.302,cxx_mul_to_div:/mnt/scratch1/ardi/dsl_mut/HM-armc/mutation/lowered-cpp/interpolate/interpolate.halide_generated.cpp:7721:35
interpolate,cxx_default_on_emitted_cpp,5eb72c8d,1,6,cxx_add_to_sub,interpolate.halide_generated.cpp,8181,36,generator_specific,0,0,0,,,,0,3.703,cxx_add_to_sub:/mnt/scratch1/ardi/dsl_mut/HM-armc/mutation/lowered-cpp/interpolate/interpolate.halide_generated.cpp:8181:36
interpolate,cxx_default_on_emitted_cpp,5eb72c8d,1,6,cxx_add_to_sub,interpolate.halide_generated.cpp,4763,25,generator_specific,0,0,1,,,test2_golden,0,3.277,cxx_add_to_sub:/mnt/scratch1/ardi/dsl_mut/HM-armc/mutation/lowered-cpp/interpolate/interpolate.halide_generated.cpp:4763:25
interpolate,cxx_default_on_emitted_cpp,5eb72c8d,1,6,cxx_add_to_sub,interpolate.halide_generated.cpp,6301,29,generator_specific,0,0,0,,,,0,3.097,cxx_add_to_sub:/mnt/scratch1/ardi/dsl_mut/HM-armc/mutation/lowered-cpp/interpolate/interpolate.halide_generated.cpp:6301:29
interpolate,cxx_default_on_emitted_cpp,5eb72c8d,1,6,cxx_remove_void_call,interpolate.halide_generated.cpp,7098,16,generator_specific,0,0,1,,,test2_golden,0,2.674,cxx_remove_void_call:/mnt/scratch1/ardi/dsl_mut/HM-armc/mutation/lowered-cpp/interpolate/interpolate.halide_generated.cpp:7098:16
interpolate,cxx_default_on_emitted_cpp,5eb72c8d,1,6,cxx_sub_to_add,interpolate.halide_generated.cpp,7549,35,generator_specific,0,0,1,,,test2_golden,0,2.920,cxx_sub_to_add:/mnt/scratch1/ardi/dsl_mut/HM-armc/mutation/lowered-cpp/interpolate/interpolate.halide_generated.cpp:7549:35
interpolate,cxx_default_on_emitted_cpp,5eb72c8d,1,6,cxx_mul_to_div,interpolate.halide_generated.cpp,10505,24,generator_specific,0,0,0,,,,0,2.833,cxx_mul_to_div:/mnt/scratch1/ardi/dsl_mut/HM-armc/mutation/lowered-cpp/interpolate/interpolate.halide_generated.cpp:10505:24
interpolate,cxx_default_on_emitted_cpp,5eb72c8d,1,6,cxx_mul_to_div,interpolate.halide_generated.cpp,6977,37,generator_specific,0,0,0,,,,0,3.349,cxx_mul_to_div:/mnt/scratch1/ardi/dsl_mut/HM-armc/mutation/lowered-cpp/interpolate/interpolate.halide_generated.cpp:6977:37
interpolate,cxx_default_on_emitted_cpp,5eb72c8d,1,6,cxx_add_to_sub,interpolate.halide_generated.cpp,7226,37,generator_specific,0,0,1,,,test2_golden,0,3.447,cxx_add_to_sub:/mnt/scratch1/ardi/dsl_mut/HM-armc/mutation/lowered-cpp/interpolate/interpolate.halide_generated.cpp:7226:37
interpolate,cxx_default_on_emitted_cpp,5eb72c8d,1,6,cxx_mul_to_div,interpolate.halide_generated.cpp,5314,26,generator_specific,0,0,1,,,test2_golden,0,3.629,cxx_mul_to_div:/mnt/scratch1/ardi/dsl_mut/HM-armc/mutation/lowered-cpp/interpolate/interpolate.halide_generated.cpp:5314:26
interpolate,cxx_default_on_emitted_cpp,5eb72c8d,1,6,cxx_lt_to_le,interpolate.halide_generated.cpp,7387,86,generator_specific,-6,1,1,,,test1_demo;test2_golden,0,0.320,cxx_lt_to_le:/mnt/scratch1/ardi/dsl_mut/HM-armc/mutation/lowered-cpp/interpolate/interpolate.halide_generated.cpp:7387:86
interpolate,cxx_default_on_emitted_cpp,5eb72c8d,1,6,cxx_add_to_sub,interpolate.halide_generated.cpp,8767,36,generator_specific,0,0,1,,,test2_golden,0,3.082,cxx_add_to_sub:/mnt/scratch1/ardi/dsl_mut/HM-armc/mutation/lowered-cpp/interpolate/interpolate.halide_generated.cpp:8767:36
interpolate,cxx_default_on_emitted_cpp,5eb72c8d,1,6,cxx_mul_to_div,interpolate.halide_generated.cpp,9015,31,generator_specific,0,0,0,,,,0,3.088,cxx_mul_to_div:/mnt/scratch1/ardi/dsl_mut/HM-armc/mutation/lowered-cpp/interpolate/interpolate.halide_generated.cpp:9015:31
interpolate,cxx_default_on_emitted_cpp,5eb72c8d,1,6,cxx_add_to_sub,interpolate.halide_generated.cpp,7651,60,generator_specific,-11,1,1,,,test1_demo;test2_golden,0,0.353,cxx_add_to_sub:/mnt/scratch1/ardi/dsl_mut/HM-armc/mutation/lowered-cpp/interpolate/interpolate.halide_generated.cpp:7651:60
interpolate,cxx_default_on_emitted_cpp,5eb72c8d,1,6,cxx_add_to_sub,interpolate.halide_generated.cpp,8606,36,generator_specific,0,0,1,,,test2_golden,0,3.359,cxx_add_to_sub:/mnt/scratch1/ardi/dsl_mut/HM-armc/mutation/lowered-cpp/interpolate/interpolate.halide_generated.cpp:8606:36
interpolate,cxx_default_on_emitted_cpp,5eb72c8d,1,6,cxx_add_to_sub,interpolate.halide_generated.cpp,10216,36,generator_specific,0,0,0,,,,0,2.850,cxx_add_to_sub:/mnt/scratch1/ardi/dsl_mut/HM-armc/mutation/lowered-cpp/interpolate/interpolate.halide_generated.cpp:10216:36
interpolate,cxx_default_on_emitted_cpp,5eb72c8d,1,6,cxx_gt_to_le,interpolate.halide_generated.cpp,11467,30,generator_specific,-11,1,1,,,test1_demo;test2_golden,0,0.438,cxx_gt_to_le:/mnt/scratch1/ardi/dsl_mut/HM-armc/mutation/lowered-cpp/interpolate/interpolate.halide_generated.cpp:11467:30
interpolate,cxx_default_on_emitted_cpp,5eb72c8d,1,6,cxx_mul_to_div,interpolate.halide_generated.cpp,3991,25,generator_specific,-8,1,1,,,test1_demo;test2_golden,0,0.336,cxx_mul_to_div:/mnt/scratch1/ardi/dsl_mut/HM-armc/mutation/lowered-cpp/interpolate/interpolate.halide_generated.cpp:3991:25
interpolate,cxx_default_on_emitted_cpp,5eb72c8d,1,6,cxx_replace_scalar_call,interpolate.halide_generated.cpp,5734,19,generator_specific,0,0,1,,,test2_golden,0,3.098,cxx_replace_scalar_call:/mnt/scratch1/ardi/dsl_mut/HM-armc/mutation/lowered-cpp/interpolate/interpolate.halide_generated.cpp:5734:19
interpolate,cxx_default_on_emitted_cpp,5eb72c8d,1,6,cxx_eq_to_ne,interpolate.halide_generated.cpp,6390,56,generator_specific,0,0,0,,,,0,3.157,cxx_eq_to_ne:/mnt/scratch1/ardi/dsl_mut/HM-armc/mutation/lowered-cpp/interpolate/interpolate.halide_generated.cpp:6390:56
interpolate,cxx_default_on_emitted_cpp,5eb72c8d,1,6,cxx_mul_to_div,interpolate.halide_generated.cpp,9608,37,generator_specific,0,0,0,,,,0,3.322,cxx_mul_to_div:/mnt/scratch1/ardi/dsl_mut/HM-armc/mutation/lowered-cpp/interpolate/interpolate.halide_generated.cpp:9608:37
interpolate,cxx_default_on_emitted_cpp,5eb72c8d,1,6,cxx_add_to_sub,interpolate.halide_generated.cpp,10047,38,generator_specific,0,0,0,,,,0,3.380,cxx_add_to_sub:/mnt/scratch1/ardi/dsl_mut/HM-armc/mutation/lowered-cpp/interpolate/interpolate.halide_generated.cpp:10047:38
interpolate,cxx_default_on_emitted_cpp,5eb72c8d,1,6,cxx_mul_to_div,interpolate.halide_generated.cpp,5549,26,generator_specific,0,0,1,,,test2_golden,0,2.892,cxx_mul_to_div:/mnt/scratch1/ardi/dsl_mut/HM-armc/mutation/lowered-cpp/interpolate/interpolate.halide_generated.cpp:5549:26
interpolate,cxx_default_on_emitted_cpp,5eb72c8d,1,6,cxx_add_to_sub,interpolate.halide_generated.cpp,11233,27,generator_specific,-11,1,1,,,test1_demo;test2_golden,0,0.330,cxx_add_to_sub:/mnt/scratch1/ardi/dsl_mut/HM-armc/mutation/lowered-cpp/interpolate/interpolate.halide_generated.cpp:11233:27
interpolate,cxx_default_on_emitted_cpp,5eb72c8d,1,6,cxx_replace_scalar_call,interpolate.halide_generated.cpp,10430,18,generator_specific,-6,1,1,,,test1_demo;test2_golden,0,0.269,cxx_replace_scalar_call:/mnt/scratch1/ardi/dsl_mut/HM-armc/mutation/lowered-cpp/interpolate/interpolate.halide_generated.cpp:10430:18
interpolate,cxx_default_on_emitted_cpp,5eb72c8d,1,6,cxx_sub_to_add,interpolate.halide_generated.cpp,11212,26,generator_specific,0,0,1,,,test2_golden,0,3.381,cxx_sub_to_add:/mnt/scratch1/ardi/dsl_mut/HM-armc/mutation/lowered-cpp/interpolate/interpolate.halide_generated.cpp:11212:26
interpolate,cxx_default_on_emitted_cpp,5eb72c8d,1,6,cxx_post_inc_to_post_dec,interpolate.halide_generated.cpp,7025,127,generator_specific,-11,1,1,,,test1_demo;test2_golden,0,0.299,cxx_post_inc_to_post_dec:/mnt/scratch1/ardi/dsl_mut/HM-armc/mutation/lowered-cpp/interpolate/interpolate.halide_generated.cpp:7025:127
interpolate,cxx_default_on_emitted_cpp,5eb72c8d,1,6,cxx_sub_to_add,interpolate.halide_generated.cpp,9467,36,generator_specific,0,0,0,,,,0,3.104,cxx_sub_to_add:/mnt/scratch1/ardi/dsl_mut/HM-armc/mutation/lowered-cpp/interpolate/interpolate.halide_generated.cpp:9467:36
interpolate,cxx_default_on_emitted_cpp,5eb72c8d,1,6,cxx_mul_to_div,interpolate.halide_generated.cpp,4101,25,generator_specific,0,0,0,,,,0,3.152,cxx_mul_to_div:/mnt/scratch1/ardi/dsl_mut/HM-armc/mutation/lowered-cpp/interpolate/interpolate.halide_generated.cpp:4101:25
interpolate,cxx_default_on_emitted_cpp,5eb72c8d,1,6,cxx_add_to_sub,interpolate.halide_generated.cpp,6707,38,generator_specific,0,0,0,,,,0,2.996,cxx_add_to_sub:/mnt/scratch1/ardi/dsl_mut/HM-armc/mutation/lowered-cpp/interpolate/interpolate.halide_generated.cpp:6707:38
interpolate,cxx_default_on_emitted_cpp,5eb72c8d,1,6,cxx_add_to_sub,interpolate.halide_generated.cpp,7670,38,generator_specific,0,0,0,,,,0,3.264,cxx_add_to_sub:/mnt/scratch1/ardi/dsl_mut/HM-armc/mutation/lowered-cpp/interpolate/interpolate.halide_generated.cpp:7670:38
interpolate,cxx_default_on_emitted_cpp,5eb72c8d,1,6,cxx_add_to_sub,interpolate.halide_generated.cpp,8478,35,generator_specific,0,0,1,,,test2_golden,0,2.930,cxx_add_to_sub:/mnt/scratch1/ardi/dsl_mut/HM-armc/mutation/lowered-cpp/interpolate/interpolate.halide_generated.cpp:8478:35
interpolate,cxx_default_on_emitted_cpp,5eb72c8d,1,6,cxx_mul_to_div,interpolate.halide_generated.cpp,5745,26,generator_specific,0,0,1,,,test2_golden,0,3.212,cxx_mul_to_div:/mnt/scratch1/ardi/dsl_mut/HM-armc/mutation/lowered-cpp/interpolate/interpolate.halide_generated.cpp:5745:26
interpolate,cxx_default_on_emitted_cpp,5eb72c8d,1,6,cxx_post_inc_to_post_dec,interpolate.halide_generated.cpp,10021,127,generator_specific,0,0,0,,,,0,3.205,cxx_post_inc_to_post_dec:/mnt/scratch1/ardi/dsl_mut/HM-armc/mutation/lowered-cpp/interpolate/interpolate.halide_generated.cpp:10021:127
interpolate,cxx_default_on_emitted_cpp,5eb72c8d,1,6,cxx_add_to_sub,interpolate.halide_generated.cpp,11799,31,generator_specific,0,0,0,,,,0,3.647,cxx_add_to_sub:/mnt/scratch1/ardi/dsl_mut/HM-armc/mutation/lowered-cpp/interpolate/interpolate.halide_generated.cpp:11799:31
interpolate,cxx_default_on_emitted_cpp,5eb72c8d,1,6,cxx_add_to_sub,interpolate.halide_generated.cpp,8415,36,generator_specific,-11,1,1,,,test1_demo;test2_golden,0,0.393,cxx_add_to_sub:/mnt/scratch1/ardi/dsl_mut/HM-armc/mutation/lowered-cpp/interpolate/interpolate.halide_generated.cpp:8415:36
interpolate,cxx_default_on_emitted_cpp,5eb72c8d,1,6,cxx_add_to_sub,interpolate.halide_generated.cpp,3943,26,generator_specific,0,0,1,,,test2_golden,0,3.041,cxx_add_to_sub:/mnt/scratch1/ardi/dsl_mut/HM-armc/mutation/lowered-cpp/interpolate/interpolate.halide_generated.cpp:3943:26
interpolate,cxx_default_on_emitted_cpp,5eb72c8d,1,6,cxx_lt_to_ge,interpolate.halide_generated.cpp,4671,62,generator_specific,0,0,1,,,test2_golden,0,3.662,cxx_lt_to_ge:/mnt/scratch1/ardi/dsl_mut/HM-armc/mutation/lowered-cpp/interpolate/interpolate.halide_generated.cpp:4671:62
interpolate,cxx_default_on_emitted_cpp,5eb72c8d,1,6,cxx_add_to_sub,interpolate.halide_generated.cpp,8727,36,generator_specific,0,0,0,,,,0,2.898,cxx_add_to_sub:/mnt/scratch1/ardi/dsl_mut/HM-armc/mutation/lowered-cpp/interpolate/interpolate.halide_generated.cpp:8727:36
interpolate,cxx_default_on_emitted_cpp,5eb72c8d,1,6,cxx_le_to_lt,interpolate.halide_generated.cpp,10594,17,generator_specific,0,0,0,,,,0,3.408,cxx_le_to_lt:/mnt/scratch1/ardi/dsl_mut/HM-armc/mutation/lowered-cpp/interpolate/interpolate.halide_generated.cpp:10594:17
interpolate,cxx_default_on_emitted_cpp,5eb72c8d,1,6,cxx_add_to_sub,interpolate.halide_generated.cpp,9273,79,generator_specific,0,0,1,,,test2_golden,0,3.364,cxx_add_to_sub:/mnt/scratch1/ardi/dsl_mut/HM-armc/mutation/lowered-cpp/interpolate/interpolate.halide_generated.cpp:9273:79
interpolate,cxx_default_on_emitted_cpp,5eb72c8d,1,6,cxx_post_inc_to_post_dec,interpolate.halide_generated.cpp,5471,85,generator_specific,-11,1,1,,,test1_demo;test2_golden,0,0.294,cxx_post_inc_to_post_dec:/mnt/scratch1/ardi/dsl_mut/HM-armc/mutation/lowered-cpp/interpolate/interpolate.halide_generated.cpp:5471:85
interpolate,cxx_default_on_emitted_cpp,5eb72c8d,1,6,cxx_mul_to_div,interpolate.halide_generated.cpp,6582,37,generator_specific,0,0,1,,,test2_golden,0,3.248,cxx_mul_to_div:/mnt/scratch1/ardi/dsl_mut/HM-armc/mutation/lowered-cpp/interpolate/interpolate.halide_generated.cpp:6582:37
interpolate,cxx_default_on_emitted_cpp,5eb72c8d,1,6,cxx_replace_scalar_call,interpolate.halide_generated.cpp,10579,18,generator_specific,0,0,0,,,,0,3.041,cxx_replace_scalar_call:/mnt/scratch1/ardi/dsl_mut/HM-armc/mutation/lowered-cpp/interpolate/interpolate.halide_generated.cpp:10579:18
interpolate,cxx_default_on_emitted_cpp,5eb72c8d,1,6,cxx_mul_to_div,interpolate.halide_generated.cpp,4645,40,generator_specific,0,0,1,,,test2_golden,0,2.879,cxx_mul_to_div:/mnt/scratch1/ardi/dsl_mut/HM-armc/mutation/lowered-cpp/interpolate/interpolate.halide_generated.cpp:4645:40
interpolate,cxx_default_on_emitted_cpp,5eb72c8d,1,6,cxx_add_to_sub,interpolate.halide_generated.cpp,3925,26,generator_specific,0,0,1,,,test2_golden,0,3.183,cxx_add_to_sub:/mnt/scratch1/ardi/dsl_mut/HM-armc/mutation/lowered-cpp/interpolate/interpolate.halide_generated.cpp:3925:26
interpolate,cxx_default_on_emitted_cpp,5eb72c8d,1,6,cxx_mul_to_div,interpolate.halide_generated.cpp,9004,79,generator_specific,0,0,0,,,,0,3.941,cxx_mul_to_div:/mnt/scratch1/ardi/dsl_mut/HM-armc/mutation/lowered-cpp/interpolate/interpolate.halide_generated.cpp:9004:79
interpolate,cxx_default_on_emitted_cpp,5eb72c8d,1,6,cxx_replace_scalar_call,interpolate.halide_generated.cpp,4858,19,generator_specific,0,0,1,,,test2_golden,0,3.073,cxx_replace_scalar_call:/mnt/scratch1/ardi/dsl_mut/HM-armc/mutation/lowered-cpp/interpolate/interpolate.halide_generated.cpp:4858:19
interpolate,cxx_default_on_emitted_cpp,5eb72c8d,1,6,cxx_sub_to_add,interpolate.halide_generated.cpp,11968,33,generator_specific,0,0,0,,,,0,3.241,cxx_sub_to_add:/mnt/scratch1/ardi/dsl_mut/HM-armc/mutation/lowered-cpp/interpolate/interpolate.halide_generated.cpp:11968:33
interpolate,cxx_default_on_emitted_cpp,5eb72c8d,1,6,cxx_add_to_sub,interpolate.halide_generated.cpp,8420,36,generator_specific,0,0,1,,,test2_golden,0,3.244,cxx_add_to_sub:/mnt/scratch1/ardi/dsl_mut/HM-armc/mutation/lowered-cpp/interpolate/interpolate.halide_generated.cpp:8420:36
interpolate,cxx_default_on_emitted_cpp,5eb72c8d,1,6,cxx_mul_to_div,interpolate.halide_generated.cpp,9444,35,generator_specific,0,0,0,,,,0,3.139,cxx_mul_to_div:/mnt/scratch1/ardi/dsl_mut/HM-armc/mutation/lowered-cpp/interpolate/interpolate.halide_generated.cpp:9444:35
interpolate,cxx_default_on_emitted_cpp,5eb72c8d,1,6,cxx_add_to_sub,interpolate.halide_generated.cpp,3893,26,generator_specific,0,0,1,,,test2_golden,0,3.122,cxx_add_to_sub:/mnt/scratch1/ardi/dsl_mut/HM-armc/mutation/lowered-cpp/interpolate/interpolate.halide_generated.cpp:3893:26
interpolate,cxx_default_on_emitted_cpp,5eb72c8d,1,6,cxx_add_to_sub,interpolate.halide_generated.cpp,4755,24,generator_specific,0,0,0,,,,0,2.994,cxx_add_to_sub:/mnt/scratch1/ardi/dsl_mut/HM-armc/mutation/lowered-cpp/interpolate/interpolate.halide_generated.cpp:4755:24
interpolate,cxx_default_on_emitted_cpp,5eb72c8d,1,6,cxx_add_to_sub,interpolate.halide_generated.cpp,7451,37,generator_specific,0,0,1,,,test2_golden,0,3.277,cxx_add_to_sub:/mnt/scratch1/ardi/dsl_mut/HM-armc/mutation/lowered-cpp/interpolate/interpolate.halide_generated.cpp:7451:37
interpolate,cxx_default_on_emitted_cpp,5eb72c8d,1,6,cxx_add_to_sub,interpolate.halide_generated.cpp,8013,38,generator_specific,0,0,1,,,test2_golden,0,3.161,cxx_add_to_sub:/mnt/scratch1/ardi/dsl_mut/HM-armc/mutation/lowered-cpp/interpolate/interpolate.halide_generated.cpp:8013:38
interpolate,cxx_default_on_emitted_cpp,5eb72c8d,1,6,cxx_sub_to_add,interpolate.halide_generated.cpp,6957,37,generator_specific,0,0,0,,,,0,3.250,cxx_sub_to_add:/mnt/scratch1/ardi/dsl_mut/HM-armc/mutation/lowered-cpp/interpolate/interpolate.halide_generated.cpp:6957:37
interpolate,cxx_default_on_emitted_cpp,5eb72c8d,1,6,cxx_add_to_sub,interpolate.halide_generated.cpp,4903,29,generator_specific,0,0,1,,,test2_golden,0,3.464,cxx_add_to_sub:/mnt/scratch1/ardi/dsl_mut/HM-armc/mutation/lowered-cpp/interpolate/interpolate.halide_generated.cpp:4903:29
interpolate,cxx_default_on_emitted_cpp,5eb72c8d,1,6,cxx_ne_to_eq,interpolate.halide_generated.cpp,10414,21,generator_specific,-6,1,1,,,test1_demo;test2_golden,0,0.250,cxx_ne_to_eq:/mnt/scratch1/ardi/dsl_mut/HM-armc/mutation/lowered-cpp/interpolate/interpolate.halide_generated.cpp:10414:21
interpolate,cxx_default_on_emitted_cpp,5eb72c8d,1,6,cxx_mul_to_div,interpolate.halide_generated.cpp,10107,35,generator_specific,0,0,1,,,test2_golden,0,2.952,cxx_mul_to_div:/mnt/scratch1/ardi/dsl_mut/HM-armc/mutation/lowered-cpp/interpolate/interpolate.halide_generated.cpp:10107:35
interpolate,cxx_default_on_emitted_cpp,5eb72c8d,1,6,cxx_sub_to_add,interpolate.halide_generated.cpp,7138,37,generator_specific,0,0,0,,,,0,2.880,cxx_sub_to_add:/mnt/scratch1/ardi/dsl_mut/HM-armc/mutation/lowered-cpp/interpolate/interpolate.halide_generated.cpp:7138:37
interpolate,cxx_default_on_emitted_cpp,5eb72c8d,1,6,cxx_add_to_sub,interpolate.halide_generated.cpp,9385,79,generator_specific,0,0,0,,,,0,3.149,cxx_add_to_sub:/mnt/scratch1/ardi/dsl_mut/HM-armc/mutation/lowered-cpp/interpolate/interpolate.halide_generated.cpp:9385:79
interpolate,cxx_default_on_emitted_cpp,5eb72c8d,1,6,cxx_add_to_sub,interpolate.halide_generated.cpp,6940,60,generator_specific,0,0,1,,,test2_golden,0,3.376,cxx_add_to_sub:/mnt/scratch1/ardi/dsl_mut/HM-armc/mutation/lowered-cpp/interpolate/interpolate.halide_generated.cpp:6940:60
interpolate,cxx_default_on_emitted_cpp,5eb72c8d,1,6,cxx_gt_to_ge,interpolate.halide_generated.cpp,11582,31,generator_specific,0,0,0,,,,0,3.251,cxx_gt_to_ge:/mnt/scratch1/ardi/dsl_mut/HM-armc/mutation/lowered-cpp/interpolate/interpolate.halide_generated.cpp:11582:31
interpolate,cxx_default_on_emitted_cpp,5eb72c8d,1,6,cxx_add_to_sub,interpolate.halide_generated.cpp,7570,60,generator_specific,0,0,1,,,test2_golden,0,2.788,cxx_add_to_sub:/mnt/scratch1/ardi/dsl_mut/HM-armc/mutation/lowered-cpp/interpolate/interpolate.halide_generated.cpp:7570:60
interpolate,cxx_default_on_emitted_cpp,5eb72c8d,1,6,cxx_add_to_sub,interpolate.halide_generated.cpp,9891,35,generator_specific,0,0,0,,,,0,3.054,cxx_add_to_sub:/mnt/scratch1/ardi/dsl_mut/HM-armc/mutation/lowered-cpp/interpolate/interpolate.halide_generated.cpp:9891:35
interpolate,cxx_default_on_emitted_cpp,5eb72c8d,1,6,cxx_add_to_sub,interpolate.halide_generated.cpp,7826,37,generator_specific,0,0,1,,,test2_golden,0,2.941,cxx_add_to_sub:/mnt/scratch1/ardi/dsl_mut/HM-armc/mutation/lowered-cpp/interpolate/interpolate.halide_generated.cpp:7826:37
interpolate,cxx_default_on_emitted_cpp,5eb72c8d,1,6,cxx_add_to_sub,interpolate.halide_generated.cpp,8328,35,generator_specific,0,0,1,,,test2_golden,0,3.371,cxx_add_to_sub:/mnt/scratch1/ardi/dsl_mut/HM-armc/mutation/lowered-cpp/interpolate/interpolate.halide_generated.cpp:8328:35
interpolate,cxx_default_on_emitted_cpp,5eb72c8d,1,6,cxx_add_to_sub,interpolate.halide_generated.cpp,11336,27,generator_specific,0,0,1,,,test2_golden,0,3.120,cxx_add_to_sub:/mnt/scratch1/ardi/dsl_mut/HM-armc/mutation/lowered-cpp/interpolate/interpolate.halide_generated.cpp:11336:27
interpolate,cxx_default_on_emitted_cpp,5eb72c8d,1,6,cxx_mul_to_div,interpolate.halide_generated.cpp,9477,37,generator_specific,0,0,0,,,,0,2.723,cxx_mul_to_div:/mnt/scratch1/ardi/dsl_mut/HM-armc/mutation/lowered-cpp/interpolate/interpolate.halide_generated.cpp:9477:37
interpolate,cxx_default_on_emitted_cpp,5eb72c8d,1,6,cxx_add_to_sub,interpolate.halide_generated.cpp,5522,27,generator_specific,-6,1,1,,,test1_demo;test2_golden,0,0.322,cxx_add_to_sub:/mnt/scratch1/ardi/dsl_mut/HM-armc/mutation/lowered-cpp/interpolate/interpolate.halide_generated.cpp:5522:27
interpolate,cxx_default_on_emitted_cpp,5eb72c8d,1,6,cxx_add_to_sub,interpolate.halide_generated.cpp,10756,26,generator_specific,0,0,0,,,,0,3.542,cxx_add_to_sub:/mnt/scratch1/ardi/dsl_mut/HM-armc/mutation/lowered-cpp/interpolate/interpolate.halide_generated.cpp:10756:26
interpolate,cxx_default_on_emitted_cpp,5eb72c8d,1,6,cxx_sub_to_add,interpolate.halide_generated.cpp,8193,35,generator_specific,0,0,0,,,,0,2.968,cxx_sub_to_add:/mnt/scratch1/ardi/dsl_mut/HM-armc/mutation/lowered-cpp/interpolate/interpolate.halide_generated.cpp:8193:35
interpolate,cxx_default_on_emitted_cpp,5eb72c8d,1,6,cxx_add_to_sub,interpolate.halide_generated.cpp,9115,49,generator_specific,0,0,0,,,,0,2.969,cxx_add_to_sub:/mnt/scratch1/ardi/dsl_mut/HM-armc/mutation/lowered-cpp/interpolate/interpolate.halide_generated.cpp:9115:49
interpolate,cxx_default_on_emitted_cpp,5eb72c8d,1,6,cxx_add_to_sub,interpolate.halide_generated.cpp,4746,24,generator_specific,0,0,0,,,,0,2.766,cxx_add_to_sub:/mnt/scratch1/ardi/dsl_mut/HM-armc/mutation/lowered-cpp/interpolate/interpolate.halide_generated.cpp:4746:24
interpolate,cxx_default_on_emitted_cpp,5eb72c8d,1,6,cxx_add_to_sub,interpolate.halide_generated.cpp,4749,25,generator_specific,0,0,0,,,,0,4.243,cxx_add_to_sub:/mnt/scratch1/ardi/dsl_mut/HM-armc/mutation/lowered-cpp/interpolate/interpolate.halide_generated.cpp:4749:25
interpolate,cxx_default_on_emitted_cpp,5eb72c8d,1,6,cxx_mul_to_div,interpolate.halide_generated.cpp,3899,26,generator_specific,0,0,1,,,test2_golden,0,3.823,cxx_mul_to_div:/mnt/scratch1/ardi/dsl_mut/HM-armc/mutation/lowered-cpp/interpolate/interpolate.halide_generated.cpp:3899:26
interpolate,cxx_default_on_emitted_cpp,5eb72c8d,1,6,cxx_sub_to_add,interpolate.halide_generated.cpp,11722,31,generator_specific,0,0,1,,,test2_golden,0,2.728,cxx_sub_to_add:/mnt/scratch1/ardi/dsl_mut/HM-armc/mutation/lowered-cpp/interpolate/interpolate.halide_generated.cpp:11722:31
interpolate,cxx_default_on_emitted_cpp,5eb72c8d,1,6,cxx_mul_to_div,interpolate.halide_generated.cpp,12268,33,generator_specific,0,0,0,,,,0,3.348,cxx_mul_to_div:/mnt/scratch1/ardi/dsl_mut/HM-armc/mutation/lowered-cpp/interpolate/interpolate.halide_generated.cpp:12268:33
interpolate,cxx_default_on_emitted_cpp,5eb72c8d,1,6,cxx_add_to_sub,interpolate.halide_generated.cpp,8222,36,generator_specific,0,0,0,,,,0,2.803,cxx_add_to_sub:/mnt/scratch1/ardi/dsl_mut/HM-armc/mutation/lowered-cpp/interpolate/interpolate.halide_generated.cpp:8222:36
interpolate,cxx_default_on_emitted_cpp,5eb72c8d,1,6,cxx_remove_void_call,interpolate.halide_generated.cpp,5333,5,generator_specific,0,0,1,,,test2_golden,0,3.603,cxx_remove_void_call:/mnt/scratch1/ardi/dsl_mut/HM-armc/mutation/lowered-cpp/interpolate/interpolate.halide_generated.cpp:5333:5
interpolate,cxx_default_on_emitted_cpp,5eb72c8d,1,6,cxx_add_to_sub,interpolate.halide_generated.cpp,9852,38,generator_specific,0,0,0,,,,0,3.083,cxx_add_to_sub:/mnt/scratch1/ardi/dsl_mut/HM-armc/mutation/lowered-cpp/interpolate/interpolate.halide_generated.cpp:9852:38
interpolate,cxx_default_on_emitted_cpp,5eb72c8d,1,6,cxx_mul_to_div,interpolate.halide_generated.cpp,11323,27,generator_specific,0,0,0,,,,0,2.810,cxx_mul_to_div:/mnt/scratch1/ardi/dsl_mut/HM-armc/mutation/lowered-cpp/interpolate/interpolate.halide_generated.cpp:11323:27
interpolate,cxx_default_on_emitted_cpp,5eb72c8d,1,6,cxx_remove_void_call,interpolate.halide_generated.cpp,5581,2,generator_specific,0,0,1,,,test2_golden,0,2.880,cxx_remove_void_call:/mnt/scratch1/ardi/dsl_mut/HM-armc/mutation/lowered-cpp/interpolate/interpolate.halide_generated.cpp:5581:2
interpolate,cxx_default_on_emitted_cpp,5eb72c8d,1,6,cxx_mul_to_div,interpolate.halide_generated.cpp,10543,24,generator_specific,0,0,1,,,test2_golden,0,3.685,cxx_mul_to_div:/mnt/scratch1/ardi/dsl_mut/HM-armc/mutation/lowered-cpp/interpolate/interpolate.halide_generated.cpp:10543:24
interpolate,cxx_default_on_emitted_cpp,5eb72c8d,1,6,cxx_replace_scalar_call,interpolate.halide_generated.cpp,4647,17,generator_specific,0,0,1,,,test2_golden,0,2.406,cxx_replace_scalar_call:/mnt/scratch1/ardi/dsl_mut/HM-armc/mutation/lowered-cpp/interpolate/interpolate.halide_generated.cpp:4647:17
interpolate,cxx_default_on_emitted_cpp,5eb72c8d,1,6,cxx_remove_void_call,interpolate.halide_generated.cpp,7344,16,generator_specific,0,0,0,,,,0,2.975,cxx_remove_void_call:/mnt/scratch1/ardi/dsl_mut/HM-armc/mutation/lowered-cpp/interpolate/interpolate.halide_generated.cpp:7344:16
interpolate,cxx_default_on_emitted_cpp,5eb72c8d,1,6,cxx_sub_to_add,interpolate.halide_generated.cpp,10018,36,generator_specific,0,0,0,,,,0,2.564,cxx_sub_to_add:/mnt/scratch1/ardi/dsl_mut/HM-armc/mutation/lowered-cpp/interpolate/interpolate.halide_generated.cpp:10018:36
interpolate,cxx_default_on_emitted_cpp,5eb72c8d,1,6,cxx_mul_to_div,interpolate.halide_generated.cpp,9484,37,generator_specific,0,0,0,,,,0,3.731,cxx_mul_to_div:/mnt/scratch1/ardi/dsl_mut/HM-armc/mutation/lowered-cpp/interpolate/interpolate.halide_generated.cpp:9484:37
interpolate,cxx_default_on_emitted_cpp,5eb72c8d,1,6,cxx_add_to_sub,interpolate.halide_generated.cpp,10545,24,generator_specific,0,0,0,,,,0,2.910,cxx_add_to_sub:/mnt/scratch1/ardi/dsl_mut/HM-armc/mutation/lowered-cpp/interpolate/interpolate.halide_generated.cpp:10545:24
interpolate,cxx_default_on_emitted_cpp,5eb72c8d,1,6,cxx_add_to_sub,interpolate.halide_generated.cpp,9166,38,generator_specific,0,0,0,,,,0,2.664,cxx_add_to_sub:/mnt/scratch1/ardi/dsl_mut/HM-armc/mutation/lowered-cpp/interpolate/interpolate.halide_generated.cpp:9166:38
interpolate,cxx_default_on_emitted_cpp,5eb72c8d,1,6,cxx_lt_to_le,interpolate.halide_generated.cpp,4948,62,generator_specific,0,0,0,,,,0,2.771,cxx_lt_to_le:/mnt/scratch1/ardi/dsl_mut/HM-armc/mutation/lowered-cpp/interpolate/interpolate.halide_generated.cpp:4948:62
interpolate,cxx_default_on_emitted_cpp,5eb72c8d,1,6,cxx_add_to_sub,interpolate.halide_generated.cpp,9945,79,generator_specific,0,0,0,,,,0,3.945,cxx_add_to_sub:/mnt/scratch1/ardi/dsl_mut/HM-armc/mutation/lowered-cpp/interpolate/interpolate.halide_generated.cpp:9945:79
interpolate,cxx_default_on_emitted_cpp,5eb72c8d,1,6,cxx_add_to_sub,interpolate.halide_generated.cpp,8551,35,generator_specific,0,0,1,,,test2_golden,0,3.264,cxx_add_to_sub:/mnt/scratch1/ardi/dsl_mut/HM-armc/mutation/lowered-cpp/interpolate/interpolate.halide_generated.cpp:8551:35
interpolate,cxx_default_on_emitted_cpp,5eb72c8d,1,6,cxx_add_to_sub,interpolate.halide_generated.cpp,6774,38,generator_specific,0,0,1,,,test2_golden,0,3.252,cxx_add_to_sub:/mnt/scratch1/ardi/dsl_mut/HM-armc/mutation/lowered-cpp/interpolate/interpolate.halide_generated.cpp:6774:38
interpolate,cxx_default_on_emitted_cpp,5eb72c8d,1,6,cxx_replace_scalar_call,interpolate.halide_generated.cpp,10424,15,generator_specific,0,0,0,,,,0,3.137,cxx_replace_scalar_call:/mnt/scratch1/ardi/dsl_mut/HM-armc/mutation/lowered-cpp/interpolate/interpolate.halide_generated.cpp:10424:15
interpolate,cxx_default_on_emitted_cpp,5eb72c8d,1,6,cxx_lt_to_le,interpolate.halide_generated.cpp,9611,75,generator_specific,0,0,0,,,,0,3.010,cxx_lt_to_le:/mnt/scratch1/ardi/dsl_mut/HM-armc/mutation/lowered-cpp/interpolate/interpolate.halide_generated.cpp:9611:75
interpolate,cxx_default_on_emitted_cpp,5eb72c8d,1,6,cxx_add_to_sub,interpolate.halide_generated.cpp,6710,38,generator_specific,0,0,0,,,,0,2.981,cxx_add_to_sub:/mnt/scratch1/ardi/dsl_mut/HM-armc/mutation/lowered-cpp/interpolate/interpolate.halide_generated.cpp:6710:38
interpolate,cxx_default_on_emitted_cpp,5eb72c8d,1,6,cxx_add_to_sub,interpolate.halide_generated.cpp,4723,25,generator_specific,0,0,0,,,,0,2.601,cxx_add_to_sub:/mnt/scratch1/ardi/dsl_mut/HM-armc/mutation/lowered-cpp/interpolate/interpolate.halide_generated.cpp:4723:25
interpolate,cxx_default_on_emitted_cpp,5eb72c8d,1,6,cxx_sub_to_add,interpolate.halide_generated.cpp,7911,36,generator_specific,0,0,0,,,,0,2.436,cxx_sub_to_add:/mnt/scratch1/ardi/dsl_mut/HM-armc/mutation/lowered-cpp/interpolate/interpolate.halide_generated.cpp:7911:36
interpolate,cxx_default_on_emitted_cpp,5eb72c8d,1,6,cxx_mul_to_div,interpolate.halide_generated.cpp,9538,37,generator_specific,0,0,0,,,,0,2.678,cxx_mul_to_div:/mnt/scratch1/ardi/dsl_mut/HM-armc/mutation/lowered-cpp/interpolate/interpolate.halide_generated.cpp:9538:37
interpolate,cxx_default_on_emitted_cpp,5eb72c8d,1,6,cxx_sub_to_add,interpolate.halide_generated.cpp,9355,36,generator_specific,0,0,0,,,,0,2.779,cxx_sub_to_add:/mnt/scratch1/ardi/dsl_mut/HM-armc/mutation/lowered-cpp/interpolate/interpolate.halide_generated.cpp:9355:36
interpolate,cxx_default_on_emitted_cpp,5eb72c8d,1,6,cxx_mul_to_div,interpolate.halide_generated.cpp,11227,26,generator_specific,0,0,1,,,test2_golden,0,3.040,cxx_mul_to_div:/mnt/scratch1/ardi/dsl_mut/HM-armc/mutation/lowered-cpp/interpolate/interpolate.halide_generated.cpp:11227:26
interpolate,cxx_default_on_emitted_cpp,5eb72c8d,1,6,cxx_add_to_sub,interpolate.halide_generated.cpp,8169,36,generator_specific,0,0,0,,,,0,2.550,cxx_add_to_sub:/mnt/scratch1/ardi/dsl_mut/HM-armc/mutation/lowered-cpp/interpolate/interpolate.halide_generated.cpp:8169:36
interpolate,cxx_default_on_emitted_cpp,5eb72c8d,1,6,cxx_add_to_sub,interpolate.halide_generated.cpp,9137,36,generator_specific,0,0,0,,,,0,2.541,cxx_add_to_sub:/mnt/scratch1/ardi/dsl_mut/HM-armc/mutation/lowered-cpp/interpolate/interpolate.halide_generated.cpp:9137:36
interpolate,cxx_default_on_emitted_cpp,5eb72c8d,1,6,cxx_add_to_sub,interpolate.halide_generated.cpp,11338,27,generator_specific,0,0,0,,,,0,2.540,cxx_add_to_sub:/mnt/scratch1/ardi/dsl_mut/HM-armc/mutation/lowered-cpp/interpolate/interpolate.halide_generated.cpp:11338:27
interpolate,cxx_default_on_emitted_cpp,5eb72c8d,1,6,cxx_add_to_sub,interpolate.halide_generated.cpp,8473,36,generator_specific,0,0,1,,,test2_golden,0,2.993,cxx_add_to_sub:/mnt/scratch1/ardi/dsl_mut/HM-armc/mutation/lowered-cpp/interpolate/interpolate.halide_generated.cpp:8473:36
interpolate,cxx_default_on_emitted_cpp,5eb72c8d,1,6,cxx_mul_to_div,interpolate.halide_generated.cpp,5570,26,generator_specific,0,0,0,,,,0,3.420,cxx_mul_to_div:/mnt/scratch1/ardi/dsl_mut/HM-armc/mutation/lowered-cpp/interpolate/interpolate.halide_generated.cpp:5570:26
interpolate,cxx_default_on_emitted_cpp,5eb72c8d,1,6,cxx_add_to_sub,interpolate.halide_generated.cpp,11916,32,generator_specific,0,0,0,,,,0,3.129,cxx_add_to_sub:/mnt/scratch1/ardi/dsl_mut/HM-armc/mutation/lowered-cpp/interpolate/interpolate.halide_generated.cpp:11916:32
interpolate,cxx_default_on_emitted_cpp,5eb72c8d,1,6,cxx_lt_to_ge,interpolate.halide_generated.cpp,6875,75,generator_specific,0,0,1,,,test2_golden,0,2.995,cxx_lt_to_ge:/mnt/scratch1/ardi/dsl_mut/HM-armc/mutation/lowered-cpp/interpolate/interpolate.halide_generated.cpp:6875:75
interpolate,cxx_default_on_emitted_cpp,5eb72c8d,1,6,cxx_lt_to_le,interpolate.halide_generated.cpp,9945,75,generator_specific,0,0,0,,,,0,3.163,cxx_lt_to_le:/mnt/scratch1/ardi/dsl_mut/HM-armc/mutation/lowered-cpp/interpolate/interpolate.halide_generated.cpp:9945:75
interpolate,cxx_default_on_emitted_cpp,5eb72c8d,1,6,cxx_lt_to_ge,interpolate.halide_generated.cpp,9470,86,generator_specific,0,0,0,,,,0,2.526,cxx_lt_to_ge:/mnt/scratch1/ardi/dsl_mut/HM-armc/mutation/lowered-cpp/interpolate/interpolate.halide_generated.cpp:9470:86
interpolate,cxx_default_on_emitted_cpp,5eb72c8d,1,6,cxx_sub_to_add,interpolate.halide_generated.cpp,3750,26,generator_specific,0,0,0,,,,0,2.461,cxx_sub_to_add:/mnt/scratch1/ardi/dsl_mut/HM-armc/mutation/lowered-cpp/interpolate/interpolate.halide_generated.cpp:3750:26
interpolate,cxx_default_on_emitted_cpp,5eb72c8d,1,6,cxx_add_to_sub,interpolate.halide_generated.cpp,9895,35,generator_specific,0,0,0,,,,0,2.323,cxx_add_to_sub:/mnt/scratch1/ardi/dsl_mut/HM-armc/mutation/lowered-cpp/interpolate/interpolate.halide_generated.cpp:9895:35
interpolate,cxx_default_on_emitted_cpp,5eb72c8d,1,6,cxx_add_to_sub,interpolate.halide_generated.cpp,3804,26,generator_specific,0,0,1,,,test2_golden,0,3.072,cxx_add_to_sub:/mnt/scratch1/ardi/dsl_mut/HM-armc/mutation/lowered-cpp/interpolate/interpolate.halide_generated.cpp:3804:26
interpolate,cxx_default_on_emitted_cpp,5eb72c8d,1,6,cxx_add_to_sub,interpolate.halide_generated.cpp,11909,32,generator_specific,0,0,0,,,,0,2.316,cxx_add_to_sub:/mnt/scratch1/ardi/dsl_mut/HM-armc/mutation/lowered-cpp/interpolate/interpolate.halide_generated.cpp:11909:32
interpolate,cxx_default_on_emitted_cpp,5eb72c8d,1,6,cxx_add_to_sub,interpolate.halide_generated.cpp,4297,27,generator_specific,0,0,1,,,test2_golden,0,2.770,cxx_add_to_sub:/mnt/scratch1/ardi/dsl_mut/HM-armc/mutation/lowered-cpp/interpolate/interpolate.halide_generated.cpp:4297:27
interpolate,cxx_default_on_emitted_cpp,5eb72c8d,1,6,cxx_add_to_sub,interpolate.halide_generated.cpp,7490,38,generator_specific,0,0,0,,,,0,2.782,cxx_add_to_sub:/mnt/scratch1/ardi/dsl_mut/HM-armc/mutation/lowered-cpp/interpolate/interpolate.halide_generated.cpp:7490:38
interpolate,cxx_default_on_emitted_cpp,5eb72c8d,1,6,cxx_lt_to_ge,interpolate.halide_generated.cpp,10034,75,generator_specific,0,0,0,,,,0,2.593,cxx_lt_to_ge:/mnt/scratch1/ardi/dsl_mut/HM-armc/mutation/lowered-cpp/interpolate/interpolate.halide_generated.cpp:10034:75
interpolate,cxx_default_on_emitted_cpp,5eb72c8d,1,6,cxx_post_inc_to_post_dec,interpolate.halide_generated.cpp,6945,110,generator_specific,-9,1,0,,,test1_demo,1,60.072,cxx_post_inc_to_post_dec:/mnt/scratch1/ardi/dsl_mut/HM-armc/mutation/lowered-cpp/interpolate/interpolate.halide_generated.cpp:6945:110
